2.457665201046679635e+06 9.991681377838959044e-01 9.739789852458461891e-04
2.457665202544479165e+06 1.000474547076223297e+00 1.064990410894037579e-03
2.457665204042279627e+06 1.001881416176251260e+00 9.375970248536491698e-04
2.457665205539879389e+06 9.996661108296134302e-01 1.134601085912104526e-03
2.457665207038079388e+06 9.985158867177548192e-01 1.077892138639346964e-03
2.457665208535579499e+06 9.999677443807846178e-01 1.134595841342382226e-03
2.457665210033479612e+06 9.986429929573779063e-01 1.054583602639268345e-03
2.457665211530643515e+06 1.000467200422069158e+00 8.306539621035366949e-04
2.457665213029079605e+06 1.001545552009771578e+00 1.067529293244106519e-03
2.457665214526979253e+06 1.000376753243635841e+00 9.270941789179707685e-04
2.457665216024979483e+06 9.999911241674882545e-01 1.126889718567132071e-03
2.457665217522479594e+06 1.000483887127014526e+00 1.072140637054736509e-03
2.457665219020279590e+06 9.991308041932795980e-01 1.032210717289496231e-03
2.457665220518379472e+06 1.000103553151418634e+00 9.095641150890526215e-04
2.457665222016379237e+06 9.993325567498707596e-01 9.395926549813573983e-04
2.457665223514179233e+06 9.999350559944294448e-01 1.131769391207668174e-03
2.457665225011579227e+06 1.002050099505978675e+00 9.819888418900366792e-04
2.457665226509479340e+06 9.992439108670141401e-01 7.718300531229223358e-04
2.457665228007379454e+06 9.997808845076922024e-01 1.123080862703216415e-03
2.457665229505479336e+06 1.000258862487524159e+00 9.149659651472143249e-04
2.457665231006150600e+06 1.000689761309533576e+00 1.020856535082653206e-03
2.457665232500679325e+06 9.987433910733430897e-01 8.855903944922540860e-04
2.457665233998579439e+06 1.000169868160853293e+00 1.069519350139664770e-03
2.457665235496679321e+06 1.000358244300153521e+00 8.789274786198360886e-04
2.457665236994479317e+06 9.993792730919105471e-01 9.915178200582679558e-04
2.457665238491979428e+06 9.989759972171772251e-01 9.510583169315912824e-04
2.457665239989779424e+06 1.000178766689645338e+00 1.125715590135994981e-03
2.457665241487579420e+06 9.998654193899534359e-01 1.147071554048396513e-03
2.457665242985479534e+06 1.001183910101697716e+00 1.148843159400201892e-03
2.457665244483379181e+06 1.001092954973250793e+00 1.002990876383283046e-03
2.457665245980979409e+06 1.000431796078409707e+00 8.981427079128623302e-04
2.457665247490937822e+06 1.001273523689269584e+00 9.230828801685633410e-04
2.457665248976679519e+06 1.001380275780537232e+00 1.109743407671118925e-03
2.457665250474679284e+06 9.995729793499741334e-01 1.033839998090237567e-03
2.457665251972679514e+06 9.994135396489566281e-01 1.187513378138476978e-03
2.457665253470379394e+06 1.000418559620882775e+00 9.116316695085438602e-04
2.457665254967879504e+06 9.994964508970604067e-01 1.002484422225118250e-03
2.457665256465979386e+06 9.984931229834707045e-01 1.065999416012258696e-03
2.457665257960330229e+06 9.991613059144440756e-01 8.674341995415056497e-04
2.457665259461679496e+06 9.988929751880013530e-01 9.466787408529612861e-04
2.457665260959279258e+06 1.000412436928775017e+00 9.192626923510333926e-04
2.457665262457179371e+06 9.996134824434143029e-01 1.028034444301602823e-03
2.457665263954979368e+06 9.992457720501491947e-01 1.191045453182024193e-03
2.457665265453179367e+06 1.000570121473739249e+00 1.343363248543469638e-03
2.457665266950879246e+06 9.991336968768850246e-01 8.302744947007897587e-04
2.457665268448479474e+06 9.991425117194829841e-01 1.162392610671536498e-03
2.457665269946179353e+06 1.001136911141957020e+00 9.370160429840042023e-04
2.457665271443879232e+06 1.000405366441891264e+00 1.021865469236846917e-03
2.457665272941779345e+06 1.000419149502637994e+00 9.576314045225169580e-04
2.457665274439779576e+06 1.001058918677322440e+00 9.116582415744595245e-04
2.457665275937679224e+06 9.987104623119292812e-01 1.065302340473697588e-03
2.457665277435379568e+06 9.995633158729803069e-01 9.691423159869367969e-04
2.457665278932979330e+06 9.996310640518785151e-01 1.162157160391988787e-03
2.457665280430979561e+06 1.000118619377392104e+00 1.106072340411003684e-03
2.457665281928979326e+06 9.996412224686983539e-01 1.028529486687209228e-03
2.457665283427079208e+06 1.000069339914022359e+00 1.172550809853233371e-03
2.457665284924279433e+06 9.995628044651175825e-01 1.019570743609676680e-03
2.457665286422179546e+06 9.994418917859699825e-01 1.097105798983024835e-03
2.457665287924843840e+06 9.999861728487768886e-01 1.026633687252035115e-03
2.457665289418679196e+06 1.001400523009799537e+00 1.041583338770900227e-03
2.457665290908122901e+06 1.000331239420776175e+00 1.122862123213858683e-03
2.457665292413479183e+06 1.000698085070585996e+00 1.581905586723835085e-03
2.457665293920523953e+06 1.001652337241619284e+00 1.067499296721292901e-03
2.457665295409079175e+06 9.998663740078265194e-01 9.190939023164669368e-04
2.457665296907079406e+06 1.000155413993734754e+00 1.076487117412904372e-03
2.457665298404779285e+06 9.987135691218457234e-01 1.217815343481018064e-03
2.457665299904579297e+06 9.988621947307192439e-01 1.280403580812201122e-03
2.457665301400279626e+06 9.983294441953673992e-01 1.099900636211850139e-03
2.457665302898279391e+06 1.001541683333732280e+00 1.023859498094611357e-03
2.457665304396279622e+06 1.002602050296163227e+00 1.038273554126004127e-03
2.457665305893979501e+06 1.001978782763516485e+00 9.569043892780250285e-04
2.457665307391879614e+06 1.000652321427833336e+00 1.101253005332319826e-03
2.457665308889379259e+06 1.002517096696238674e+00 9.179408543605504156e-04
2.457665310379823204e+06 9.993106732931544833e-01 9.972511160166775985e-04
2.457665311876849737e+06 1.001249040389276868e+00 1.032505337414407363e-03
2.457665313383179251e+06 1.001172634149340324e+00 9.584085735424055204e-04
2.457665314880479593e+06 1.001136435131938285e+00 9.821367973785371033e-04
2.457665316378579475e+06 1.001885874187546044e+00 1.062405942777846666e-03
2.457665317876379471e+06 1.000175845579178935e+00 1.024988263474339465e-03
2.457665319374479353e+06 9.999089666733653736e-01 1.095949475767138501e-03
2.457665320881597698e+06 9.993362881890995864e-01 8.695578183995157683e-04
2.457665322369779460e+06 1.001330250935904331e+00 9.049636404247154856e-04
2.457665323867679574e+06 9.996751165138544337e-01 9.283971429780340026e-04
2.457665325365679339e+06 9.996281932521688951e-01 7.346688394972405566e-04
2.457665326863479335e+06 1.000121181603703890e+00 9.316841472749874589e-04
2.457665328361079562e+06 1.000010544837023785e+00 1.203976703135257098e-03
2.457665329858779442e+06 9.969060975669130631e-01 9.376029005210878738e-04
2.457665331356679555e+06 9.940352832385127568e-01 1.048236648476958029e-03
2.457665332854579203e+06 9.929811899016646182e-01 8.554651015132244988e-04
2.457665334352779202e+06 9.928362647901612936e-01 1.132463878228781367e-03
2.457665335850279313e+06 9.940135094378279579e-01 1.080386328371130437e-03
2.457665337347879540e+06 9.918261555422158704e-01 1.122960403630551178e-03
2.457665338845579419e+06 9.925480757953626387e-01 1.322698966332305163e-03
2.457665340343779419e+06 9.933070128094531048e-01 8.652027172350478575e-04
2.457665341841679532e+06 9.929568018674352903e-01 8.107220513933331056e-04
2.457665343339579180e+06 9.931161194731593644e-01 9.666002875046837651e-04
2.457665344836879522e+06 9.937543223268823223e-01 1.152544559041497911e-03
2.457665346334979404e+06 9.931062240189090229e-01 1.212528658224767270e-03
2.457665347832679283e+06 9.951146991994104241e-01 1.133541806416128814e-03
2.457665349330979399e+06 9.938825437524915207e-01 1.037340382586142981e-03
2.457665350828479510e+06 9.941029653346175055e-01 8.659603723594433379e-04
2.457665352326179389e+06 9.938462317966705317e-01 1.069960993226079949e-03
2.457665353824179620e+06 9.947024129414809845e-01 9.582285671817707216e-04
2.457665355321679264e+06 9.948371328823352178e-01 9.237318021390960405e-04
2.457665356819779612e+06 9.945663040576084857e-01 1.056160483901874515e-03
2.457665358317579608e+06 9.936350253104468955e-01 1.068175656122624748e-03
2.457665359815279488e+06 9.937202739505747173e-01 8.364151251998863407e-04
2.457665361312979367e+06 9.935238295723436419e-01 9.135556609941899693e-04
2.457665362810679246e+06 9.939893017610997861e-01 1.023770090688234935e-03
2.457665364308979362e+06 9.937413753101854708e-01 1.166317461317094815e-03
2.457665365806779359e+06 9.933283847919013310e-01 1.158798109085426836e-03
2.457665367304279469e+06 9.938987884540295692e-01 9.575951605046902635e-04
2.457665368802079465e+06 9.935511014039630773e-01 1.339122808098906683e-03
2.457665370303624310e+06 9.936113218521818169e-01 1.002273188021370097e-03
2.457665371798079461e+06 9.972471320674797246e-01 1.088097973915483092e-03
2.457665373295979574e+06 9.995136282383092485e-01 1.060610787530988147e-03
2.457665374793579336e+06 1.000124472398886466e+00 1.222946057995273877e-03
2.457665376291279215e+06 9.996093880486163208e-01 1.095301875962093139e-03
2.457665377789279446e+06 1.000579847681642098e+00 9.349193503449323029e-04
2.457665379287379328e+06 1.000398167588315790e+00 9.591051363795840851e-04
2.457665380784679204e+06 9.981640681709829099e-01 9.299036349467804195e-04
2.457665382282479201e+06 9.992202825779246123e-01 8.738815543507037591e-04
2.457665383780379314e+06 9.989880912109948552e-01 8.409339631922021921e-04
2.457665385278179310e+06 9.996860604011059692e-01 9.806069096480510804e-04
2.457665386776079424e+06 1.000786577706257230e+00 1.072512192088703742e-03
2.457665388273779303e+06 1.001815738815918122e+00 9.425891990059571913e-04
2.457665389771579299e+06 1.000967030719283279e+00 9.320670059146983835e-04
2.457665391269379295e+06 1.000223818026641398e+00 1.155156348394252314e-03
2.457665392762063537e+06 1.000352141408217488e+00 9.946329171441770783e-04
2.457665394272384234e+06 1.000609776223607250e+00 9.118393529274839045e-04
2.457665395762979519e+06 9.994796966092808210e-01 1.208430309181295938e-03
2.457665397260879632e+06 1.001106586695432732e+00 1.245553355891678695e-03
2.457665398758579511e+06 1.001118877134524743e+00 1.109057605493468180e-03
2.457665400260679424e+06 9.980795198157369486e-01 1.225994009877281717e-03
2.457665401754479390e+06 9.991650444628160654e-01 9.049537303432938790e-04
2.457665403252179269e+06 9.987230600503669287e-01 9.549795485774567952e-04
2.457665404749579262e+06 1.000317582478394973e+00 1.044985329115092612e-03
2.457665406247579493e+06 9.991650777099597702e-01 1.001375685502175735e-03
2.457665407745379489e+06 1.000008875832511857e+00 8.847390101200781161e-04
2.457665409243479371e+06 9.984319841273135987e-01 9.918094888604924147e-04
2.457665410741079599e+06 9.980348831647837260e-01 9.741753774523716344e-04
2.457665412238879595e+06 1.000386176750441836e+00 9.760819437941216934e-04
2.457665413728276733e+06 9.994434471792015273e-01 1.095103668105196866e-03
2.457665415237577166e+06 9.979244108628325671e-01 1.189284518242743078e-03
2.457665416732779238e+06 1.000873512559103284e+00 8.420725104047261040e-04
2.457665418236610945e+06 9.996018484886224353e-01 1.028411066027325226e-03
2.457665419727879576e+06 9.998845026681265624e-01 1.148700611864325377e-03
2.457813564235556405e+06 1.001673487978167687e+00 8.093276264948089235e-04
2.457813565744341351e+06 9.991777308367393307e-01 8.691949994813204065e-04
2.457813567231356166e+06 9.996326305158027559e-01 1.061493323206970894e-03
2.457813568727856036e+06 1.000940434021457826e+00 7.952942226313591953e-04
2.457813570225456264e+06 1.000518722246199532e+00 8.860472832938461139e-04
2.457813571726056281e+06 1.000015021319460740e+00 8.105872690374891013e-04
2.457813573220456019e+06 1.000385040355456612e+00 7.766874548972846348e-04
2.457813574718856253e+06 9.994419280773920722e-01 7.322178300447162958e-04
2.457813576215456240e+06 9.988434133266249626e-01 8.566246620569973897e-04
2.457813577713056002e+06 9.989997751933642478e-01 7.385742876712968110e-04
2.457813579210855998e+06 1.000968790031411482e+00 7.440642565185750547e-04
2.457813580708056223e+06 9.985397087535673455e-01 7.365404427216502934e-04
2.457813582206756342e+06 9.991985414820985234e-01 9.444391180592416786e-04
2.457813583703167271e+06 9.941125989107563177e-01 1.015727023908884977e-03
2.457813585200956091e+06 9.935211095578220242e-01 7.760510974986171854e-04
2.457813586698656436e+06 9.924423320741707633e-01 8.864930949151959534e-04
2.457813588195756078e+06 9.908766739640676446e-01 9.154941937596213983e-04
2.457813589694456197e+06 9.914746523494276653e-01 8.683510319914431938e-04
2.457813591191056184e+06 9.919365779277568018e-01 7.857614326713144130e-04
2.457813592700514942e+06 9.921464380965625551e-01 9.344963716221761120e-04
2.457813594186156057e+06 9.924752409605928083e-01 7.593260039730035131e-04
2.457813595695414580e+06 9.919934543347913580e-01 8.284136446705550692e-04
2.457813597181956284e+06 9.913915210723115434e-01 8.472195225337369497e-04
2.457813598678756040e+06 9.915807159143766869e-01 7.939501044003168147e-04
2.457813600176156033e+06 9.901970105277303480e-01 8.200278148314249635e-04
2.457813601663786452e+06 9.914440960193092733e-01 8.853693515348495151e-04
2.457813603171256371e+06 9.938596187342089161e-01 8.704163122057426453e-04
2.457813604669756256e+06 9.916142177740229213e-01 8.326859283458427994e-04
2.457813606166356243e+06 9.914242008555100849e-01 8.068703599755003677e-04
2.457813607663956005e+06 9.913845949365914789e-01 7.978259427406578360e-04
2.457813609161355998e+06 9.913659376919802257e-01 7.278015774238657002e-04
2.457813610659056343e+06 9.915380194659666468e-01 8.632209828404016671e-04
2.457813612157556228e+06 9.906967719643510195e-01 7.070805781055110664e-04
2.457813613653955981e+06 9.922043982550101671e-01 9.542808682534476049e-04
2.457813615151456092e+06 9.917100616180262174e-01 8.042903277536503229e-04
2.457813616649256088e+06 9.923348446250708221e-01 9.784554498824579293e-04
2.457813618146756198e+06 9.933819344727221612e-01 9.694163367045315147e-04
2.457813619645056315e+06 9.920659470639776600e-01 9.624944384780796279e-04
2.457813621141856071e+06 9.911364932621179458e-01 7.811984339745449771e-04
2.457813622639156412e+06 9.923704290164052644e-01 7.748230352010202718e-04
2.457813624136956409e+06 9.937046919378893506e-01 7.531979761002197951e-04
2.457813625634356402e+06 9.960134443765384926e-01 8.398003326211840982e-04
2.457813627132856287e+06 9.981471066051905705e-01 8.316715217083014240e-04
2.457813628629756160e+06 9.999012089446687179e-01 9.420840156093713679e-04
2.457813630127056036e+06 1.000225611816616622e+00 9.148084241664398465e-04
2.457813631624556147e+06 1.001220931135629932e+00 8.563383589900695498e-04
2.457813633121956140e+06 1.001393328464394328e+00 7.804832079584073318e-04
2.457813634620756377e+06 9.987420544463254668e-01 7.881568023878494488e-04
2.457813636117056012e+06 9.994081363504079274e-01 7.000503782239441558e-04
2.457813637615856249e+06 9.996643918759279268e-01 8.120293608015414491e-04
2.457813639113256242e+06 1.000426638317646555e+00 7.430594418030022925e-04
2.457813640610856004e+06 1.000000000000000000e+00 7.750893137659499270e-04
2.457813642108556349e+06 1.001295340875312911e+00 8.844303283669490432e-04
2.457813643606455997e+06 1.001134516729647927e+00 7.494249138537434915e-04
2.457813645103855990e+06 1.000598633334193854e+00 8.461197013156634148e-04
2.457813646600956097e+06 9.990135473619223827e-01 8.510993609575745033e-04
2.457813648098655976e+06 1.001803444035997748e+00 1.358055892774356118e-03
2.457813649596156087e+06 1.000181309804802021e+00 8.749377968240801360e-04
2.457813651094056200e+06 9.998021425897147818e-01 8.298258725798645557e-04
2.457813652591256425e+06 9.998763418416781734e-01 8.027593716452791160e-04
2.457813654088856187e+06 9.993467278617305105e-01 8.188633190750841404e-04
2.457813655586356297e+06 9.987572370483952522e-01 7.991542988872943083e-04
2.457813657083856408e+06 1.001075233651740781e+00 9.427797087070850226e-04
2.457813658581656404e+06 1.000149802818614431e+00 8.404581506636697816e-04
2.457813660078956280e+06 1.000168780796817813e+00 8.126763423189706107e-04
2.457813661576456390e+06 1.000633619221206416e+00 6.915842756494664390e-04
2.457813663062293082e+06 1.000764016024997094e+00 8.268515054746815090e-04
2.457813664571556263e+06 9.991355171545519553e-01 6.899923447418827762e-04
2.457813666073747445e+06 9.984611167009056487e-01 7.436492670199567993e-04
2.457813667566556018e+06 1.000516842980934795e+00 8.104939033760053153e-04
2.457813669064056128e+06 1.000428932646050928e+00 8.757908605477170583e-04
2.457813670561556239e+06 1.000338235969606471e+00 9.859320712311146675e-04
2.457813672063756268e+06 9.999726738294600903e-01 8.920228039444341554e-04
2.457813673557256348e+06 9.989685715685174827e-01 8.261366057700642029e-04
2.457813675054656342e+06 9.994159677441081246e-01 8.955278415053596636e-04
2.457813676551755983e+06 9.996299051880100928e-01 8.569345740184558741e-04
2.457813678056087811e+06 9.996667938202288273e-01 1.010956431929529824e-03
2.457813679547056090e+06 9.992762761993314591e-01 8.404213233236365772e-04
2.457813681035706308e+06 1.001457823008373271e+00 7.719468165709982357e-04
2.457813682542056311e+06 9.995308207690363211e-01 9.374143180015747463e-04
2.457813684039556421e+06 9.998875852305506573e-01 8.028253822171699814e-04
2.457813685537056066e+06 1.001386166536076816e+00 9.512166869003392967e-04
2.457813687034656294e+06 1.000384357915169886e+00 9.104017398627909600e-04
2.457813688532456290e+06 9.997317663248651565e-01 8.571704636052384892e-04
2.457813690029756166e+06 1.001209498181494295e+00 8.193993376707325816e-04
2.457813691527156159e+06 9.997193617250742514e-01 9.035634650135038540e-04
2.457825815597312525e+06 9.979331430390356861e-01 8.382086640393013105e-04
2.457825817094612401e+06 9.986030478411385136e-01 8.474955054908958618e-04
2.457825818592112511e+06 9.977499909737872485e-01 9.218564976427832958e-04
2.457825820089512505e+06 9.971571171482169760e-01 1.000275591944849380e-03
2.457825821588012390e+06 9.995282063743541334e-01 9.190927572181607210e-04
2.457825823084512260e+06 9.986139301146944591e-01 9.792838193693608351e-04
2.457825824582212605e+06 1.000303164227345443e+00 8.371342690294574689e-04
2.457825826079812367e+06 9.989953002665422632e-01 9.223661633972226031e-04
2.457825827577412594e+06 9.996956619927745979e-01 9.241560292016373981e-04
2.457825829075812362e+06 1.001108463762434120e+00 8.886558408690042226e-04
2.457825830572512466e+06 9.969783645105158021e-01 8.974459960441650858e-04
2.457825832070112228e+06 1.000203527894969247e+00 8.698863717192170924e-04
2.457825833567512222e+06 1.001223109134016909e+00 9.051113853471345200e-04
2.457825835065012332e+06 9.999615958453712539e-01 9.909141896402653710e-04
2.457825836563512217e+06 9.999923704465405461e-01 9.025340001097074656e-04
2.457825838060396723e+06 1.002016933390485809e+00 1.196358286739205093e-03
2.457825839557612315e+06 9.990839692882373946e-01 9.259054833648625461e-04
2.457825841055112425e+06 9.989903423592210174e-01 9.491368790371162642e-04
2.457825842552612536e+06 1.000186698132343066e+00 7.416563178308029514e-04
2.457825844051012304e+06 1.001307909453592382e+00 8.102718242291779595e-04
2.457825845547612291e+06 1.000349882116860822e+00 9.690711511248678882e-04
2.457825847045212518e+06 1.000960912614504261e+00 9.165654486329103800e-04
2.457825848543012515e+06 9.997388900922697941e-01 9.272290587968426206e-04
2.457825850040312391e+06 1.000305769393223798e+00 1.078829925897726661e-03
2.457825851538712159e+06 9.981069843230201410e-01 1.121158235551642781e-03
2.457825853035212494e+06 9.991898519450033156e-01 7.553712665720968772e-04
2.457825854532812256e+06 1.000084260915806711e+00 8.900162609470845627e-04
2.457825856030312367e+06 9.994221777679609398e-01 9.719796391072825980e-04
2.457825857527912594e+06 1.000521928045136510e+00 9.504632207518587655e-04
2.457825859026512597e+06 9.998164326300142957e-01 9.065524915736027090e-04
2.457825860522912350e+06 1.000287146461634968e+00 8.604787881476246621e-04
2.457825862024330068e+06 1.000428841827890381e+00 9.916478596635567178e-04
2.457825863518212456e+06 1.000118868710020870e+00 9.225033637650237187e-04
2.457825865015712567e+06 1.000480914123164755e+00 8.589673530172279485e-04
2.457825866514112335e+06 1.000705615830210338e+00 8.524058629999607542e-04
2.457825868010612205e+06 9.996792377462443424e-01 9.126725977541222477e-04
2.457825869508312549e+06 9.991762409317902494e-01 9.384901628092588537e-04
2.457825871005712543e+06 9.987826567488244933e-01 8.116965514685391169e-04
2.457825872503312305e+06 1.000772558113052657e+00 9.620357510880323459e-04
2.457825874001712538e+06 1.000455692054963652e+00 1.093299415416033220e-03
2.457825875498312525e+06 9.997145944217440405e-01 1.051740553070051138e-03
2.457825876995912287e+06 9.996784547131437604e-01 8.972274806114767303e-04
2.457825878493412398e+06 9.988291769333270675e-01 8.515326168758527046e-04
2.457825879991012160e+06 9.996914777864199797e-01 7.630583816476387829e-04
2.457825881489312276e+06 1.000042357822657602e+00 9.511166069466502797e-04
2.457825882985912263e+06 1.000898480436994253e+00 8.318566674661365731e-04
2.457825884483612143e+06 9.999986857770315485e-01 9.153544137870823485e-04
2.457825885996070690e+06 9.993504931275623004e-01 9.687504205966091832e-04
2.457825887478412595e+06 1.000243361918936591e+00 1.137696096047776610e-03
2.457825888977112249e+06 1.000524435752905728e+00 9.362375892777279876e-04
2.457825890472030267e+06 1.000273459067823056e+00 9.837965348081906779e-04
2.457825891971212346e+06 9.998712185157184740e-01 8.764315684565596003e-04
2.457825893468812574e+06 1.000325410537938664e+00 9.184496533698968158e-04
2.457825894966312218e+06 9.993688110107572520e-01 1.033981571811734470e-03
2.457825896464812569e+06 1.000153781005958198e+00 9.776148877412686473e-04
2.457825897961312439e+06 1.000693302923545858e+00 9.329117806462594673e-04
2.457825899458812550e+06 1.000048283332718002e+00 9.093438308985063142e-04
2.457825900956712198e+06 9.993762581781944210e-01 1.030911745039946427e-03
2.457825902454112191e+06 9.997808115373542082e-01 8.365865535547362857e-04
2.457825903952412307e+06 1.000000000000000000e+00 8.448417422876064193e-04
2.457825905449112412e+06 9.994369717304720790e-01 8.939852543111473631e-04
2.457825906946412288e+06 9.991654493943523674e-01 9.193273499483574579e-04
2.457825908444012515e+06 1.000643225365565492e+00 9.527924255463617606e-04
2.457825909941512160e+06 1.000016247650598489e+00 1.110038953582535457e-03
2.457825911440212280e+06 1.000728365063450864e+00 8.776044383905581576e-04
2.457825912936512381e+06 9.998772847493568872e-01 8.823911944908820063e-04
2.457825914434312377e+06 1.000128540436077129e+00 9.324295089374502613e-04
2.457825915931812488e+06 1.000080449484944900e+00 8.248000698221040353e-04
2.457825917429412249e+06 9.986313066418848194e-01 9.046894286384878471e-04
2.457825918927812483e+06 9.996550762225001607e-01 8.383546758829354788e-04
2.457825920424312353e+06 1.000137397891272650e+00 8.242536055317264835e-04
2.457825921917836647e+06 1.002378697349210590e+00 1.057169491297696049e-03
2.457825923419312574e+06 1.000159312531508471e+00 8.827150330206416217e-04
2.457825924916812219e+06 9.975870353139624225e-01 1.005791458067009691e-03
2.457825926405816339e+06 9.998719922867548293e-01 8.150536424577250853e-04
2.457825927911912557e+06 9.998658855960063097e-01 9.008394001030273820e-04
2.457825929409512319e+06 9.989326149221403606e-01 8.563271784054681760e-04
2.457825930906912312e+06 9.999123116632321340e-01 9.101545652302514252e-04
2.457825932404412422e+06 1.002631757244893729e+00 9.702547659420231695e-04
2.457825933903112542e+06 1.000126550959085092e+00 8.560430969040521820e-04
2.457825935399612412e+06 9.996806569361066375e-01 8.199710554910456372e-04
2.457825936897112522e+06 9.987676946615514639e-01 9.566365049049956005e-04
2.457825938394812401e+06 9.946734177059707305e-01 9.190869137847039938e-04
2.457825939892012160e+06 9.919162721348548928e-01 7.139246721933620657e-04
2.457825941390812397e+06 9.907920258095599397e-01 8.349087811618217340e-04
2.457825942887412384e+06 9.915851105053288261e-01 7.244028398299340787e-04
2.457825944384612143e+06 9.922793679220391905e-01 8.415903672874287941e-04
2.457825945882412605e+06 9.918487898024020977e-01 9.177518103531353590e-04
2.457825947379912250e+06 9.915560907766417520e-01 8.866666664281150963e-04
2.457825948878512252e+06 9.923126732269416106e-01 8.029066488788244105e-04
2.457825950374912471e+06 9.915224770236863439e-01 8.878318041031765719e-04
2.457825951872512233e+06 9.905441891981872082e-01 7.686690246473823701e-04
2.457825953370012343e+06 9.906091144333230014e-01 9.803685906812934989e-04
2.457825954867512453e+06 9.901117493099151901e-01 8.889067873137218839e-04
2.457825956369383726e+06 9.911169465824769542e-01 9.120626599139797404e-04
2.457825957862612326e+06 9.917655267012445153e-01 9.119047155905635324e-04
2.457825959360112436e+06 9.919992242595495613e-01 7.679945790384057986e-04
2.457825960857612547e+06 9.923772992564136031e-01 9.228386019677623561e-04
2.457825962343749590e+06 9.920798934365179234e-01 1.013740263017642125e-03
2.457825963853712194e+06 9.907086445054283930e-01 7.786689673313750958e-04
2.457825965350112412e+06 9.915940124509914355e-01 9.173440310534376578e-04
2.457825966848012526e+06 9.919084975254407466e-01 8.044490229689351801e-04
2.457825968345512170e+06 9.928704991536990709e-01 1.021731479451924674e-03
2.457825969843012281e+06 9.929618148143979361e-01 7.044170999986606530e-04
2.457825971341412514e+06 9.930660716356156659e-01 9.430885417076806864e-04
2.457825972838012502e+06 9.930145342865347446e-01 9.157562279102037222e-04
2.457825974335512146e+06 9.931062202745614131e-01 8.449984118126410790e-04
2.457825975833112374e+06 9.906067445287667361e-01 8.269940879157900489e-04
2.457825977330612484e+06 9.916084435868336433e-01 9.388146818289706168e-04
2.457825978829112370e+06 9.923441292659385127e-01 9.011971336484689852e-04
2.457825980325912591e+06 9.967284802015179412e-01 1.108021823749028457e-03
2.457825981823012233e+06 9.992094982572130579e-01 8.287964116714939024e-04
2.457825983320612460e+06 9.997702842614358820e-01 8.971502760053021511e-04
2.457825984818212222e+06 1.000011122855511747e+00 7.435597552455740613e-04
2.457825986315622926e+06 9.996158522726564799e-01 8.508953148122220308e-04
2.457825987813312560e+06 9.998688220429849949e-01 1.053407195990599962e-03
2.457825989310712554e+06 1.000383385312599849e+00 9.954063051740779603e-04
2.457825990808412433e+06 1.000692199947151195e+00 9.361956976479679504e-04
2.457825992306012195e+06 1.000529206246858704e+00 9.453240433657000190e-04
2.457825993804412428e+06 9.997078150685649867e-01 8.929832056281346081e-04
2.457825995301112533e+06 9.991902027527954644e-01 8.201196809846840203e-04
2.457825996798512526e+06 9.987431143018158375e-01 9.660815693063730218e-04
2.457825998296212405e+06 1.001239861048757396e+00 9.069500024236298820e-04
2.457825999793712515e+06 9.983983206090925044e-01 1.008117841982843470e-03
2.457826001292112283e+06 1.000629613056545519e+00 9.007807856074480238e-04
2.457826002788612153e+06 1.000334165534515041e+00 9.096679690336108032e-04
2.457826004286112264e+06 9.980454657003116070e-01 1.023462637885223315e-03
2.457826005774662830e+06 9.989524832393020803e-01 9.140755114291121463e-04
2.457826007269923110e+06 1.000005008360859593e+00 8.898153981595495650e-04
2.457826008779612370e+06 1.000708605957090658e+00 9.386828877283727272e-04
2.457826010277112480e+06 1.000162736120494333e+00 8.370134081945200186e-04
2.457826011773712467e+06 9.988041212156517634e-01 9.205080082116806877e-04
2.457826013271612581e+06 1.000211614346425915e+00 1.085823167533427535e-03
2.457826014769012574e+06 1.000234490252991160e+00 7.688720204374524915e-04
2.457826016239099670e+06 9.996067279622358193e-01 1.037311962744984174e-03
2.457826017795125954e+06 1.000860112520260525e+00 9.096559321387213438e-04
2.457826019261412323e+06 1.000277646126340514e+00 8.552784864326228118e-04
2.457826020759112202e+06 9.993119778400171294e-01 8.026422584076487983e-04
2.457826022256712429e+06 1.000743991974643476e+00 7.751804052249499375e-04
2.457826023755112197e+06 9.992650509886202848e-01 8.189208369443304629e-04
2.457826025251612533e+06 9.991935011659407451e-01 1.046077410063670811e-03
2.457826026738195680e+06 1.000270997402287421e+00 8.555983619609421791e-04
2.457826028246712405e+06 9.998961970708130087e-01 9.651636311590533002e-04
2.457826029744212516e+06 1.000653126629537093e+00 7.762169843321498975e-04
2.457826031242612284e+06 1.000131629045860837e+00 8.175739011776687708e-04
2.457826032731756102e+06 1.000285676583672512e+00 1.010814773282064970e-03
2.457826034236712381e+06 9.987937076794906055e-01 9.132335695533610196e-04
2.457826035734312609e+06 9.986261481364477888e-01 8.394057521271023432e-04
2.457826037232112605e+06 1.000161082042267946e+00 9.547884942163627469e-04
2.457826038730812259e+06 1.000330322519479065e+00 9.996006857951064781e-04
2.457838186597942375e+06 9.996061924707637658e-01 1.227252385712664139e-03
2.457838188096042722e+06 9.984453950464104999e-01 1.243968926156485081e-03
2.457838189593542367e+06 9.992315065614951752e-01 1.347861240339259456e-03
2.457838191090242472e+06 9.998909568719555052e-01 1.315257534634507687e-03
2.457838192587942351e+06 1.000395190689934655e+00 1.048169396861969339e-03
2.457838194085142575e+06 9.992619419175826634e-01 1.234002123991037592e-03
2.457838195583842695e+06 9.977792817828384786e-01 1.164951889746691045e-03
2.457838197080442682e+06 1.001446013122335277e+00 1.242161434064461330e-03
2.457838198577742558e+06 9.997367911533497908e-01 1.317854610187809816e-03
2.457838200075442437e+06 1.001609167757829821e+00 1.233059226565203555e-03
2.457838201572842430e+06 9.999376773571866384e-01 1.211733991635258493e-03
2.457838203071442433e+06 9.957953144788970201e-01 1.330753614821903949e-03
2.457838204568042420e+06 9.989355165465747532e-01 1.159175020208349453e-03
2.457838206065642647e+06 1.000451282598534775e+00 1.314049018685701283e-03
2.457838207563142292e+06 1.000449908466148896e+00 1.225551057184309876e-03
2.457838209060642403e+06 1.000586358601234460e+00 1.203240789757060916e-03
2.457838210567914415e+06 1.000015014914132472e+00 1.230814026236968324e-03
2.457838212055642623e+06 1.000778166831707505e+00 1.139118635627671752e-03
2.457838213553142734e+06 1.001140121938635330e+00 1.062750962151417893e-03
2.457838215046173427e+06 1.000930323369862984e+00 1.207947322276359259e-03
2.457838216554874089e+06 9.969984059335210702e-01 1.422229564639910029e-03
2.457838218046742491e+06 9.993450640220437053e-01 1.220885305850168872e-03
2.457838219543342479e+06 9.988612601280307812e-01 1.233518732021835797e-03
2.457838221040742472e+06 9.981838760037229363e-01 1.004082170992165414e-03
2.457838222538342699e+06 9.993860655202210230e-01 1.303894652417103084e-03
2.457838224035742693e+06 9.978257409717210535e-01 1.043263540981528023e-03
2.457838225534342695e+06 9.990818258206942692e-01 1.224567523874286806e-03
2.457838227030942682e+06 9.979922009140964612e-01 1.062998479602518184e-03
2.457838228528442327e+06 9.984791835544557514e-01 1.245592642595733796e-03
2.457838230026342440e+06 9.995172519459585292e-01 1.380307873944872738e-03
2.457838231523342431e+06 9.981407796880571448e-01 1.487520784695687973e-03
2.457838233025040478e+06 9.992122275181674063e-01 1.250723458240305752e-03
2.457838234518742654e+06 1.000811102787001916e+00 1.224277410648965314e-03
2.457838236016142648e+06 1.003242805978243890e+00 1.771851267273705840e-03
2.457838237513742410e+06 1.001016208125309337e+00 1.358299364218673762e-03
2.457838239011242520e+06 1.000234072576650979e+00 1.055760991167305337e-03
2.457838240509942640e+06 1.002020431246624543e+00 1.090658263652269496e-03
2.457838242008442525e+06 9.998492646936483208e-01 1.232309638124249630e-03
2.457838243503942620e+06 1.000002897563707416e+00 1.141196831890873599e-03
2.457838245002027135e+06 1.000084700817940098e+00 1.008500208237043342e-03
2.457838246498942375e+06 9.999517140033619134e-01 1.541576786700312330e-03
2.457838247997342609e+06 1.000087391265291448e+00 1.247842810181783732e-03
2.457838249493842479e+06 9.985228511099395465e-01 1.451003616079052762e-03
2.457838250991442706e+06 9.991297908609988454e-01 1.284257816508056933e-03
2.457838252489042468e+06 9.989069768684807338e-01 1.257946054719310701e-03
2.457838253986542579e+06 1.001016968709402599e+00 1.034934357309007192e-03
2.457838255485042464e+06 1.000563221729298791e+00 1.142561140597500276e-03
2.457838256981542334e+06 1.000852922489262165e+00 1.047371915477788478e-03
2.457838258479042444e+06 9.999366026861011836e-01 1.377670689116562317e-03
2.457838259976842441e+06 1.000951013152385993e+00 1.056472725615352016e-03
2.457838261474242434e+06 1.000174427052876069e+00 1.177988411029169073e-03
2.457838262972742319e+06 1.000012173120142789e+00 1.091217080217440124e-03
2.457838264469442423e+06 1.000685853823034543e+00 1.153997001836792576e-03
2.457838265966742299e+06 1.001237260579167732e+00 1.158131325816479443e-03
2.457838267464442644e+06 1.000103367067557869e+00 1.117532307020933707e-03
2.457838268961942755e+06 1.000629749659130319e+00 1.042158954070263824e-03
2.457838270460342523e+06 1.001058521762816289e+00 1.175945230169487925e-03
2.457838271957242396e+06 1.001133282726735185e+00 1.110371676459432060e-03
2.457838273454642389e+06 1.003056913227591274e+00 1.122834205462051524e-03
2.457838274952142499e+06 9.999962776915110041e-01 1.335547256463907049e-03
2.457838276449542493e+06 1.001903177284027002e+00 1.217390558336316035e-03
2.457838277948042378e+06 9.995416763117890291e-01 1.257945873144495621e-03
2.457838279444542713e+06 1.000922054869344935e+00 1.220903154072352278e-03
2.457838280942442361e+06 9.994915555209138436e-01 1.294830130242693653e-03
2.457838282439742703e+06 1.002626411274852858e+00 1.017010706488343137e-03
2.457838283937142696e+06 1.000187119065308217e+00 1.231977534085434284e-03
2.457838285435642581e+06 1.000748189366668983e+00 1.274720310772042451e-03
2.457838286932342686e+06 1.000623055443577769e+00 1.269735841786608652e-03
2.457838288429842331e+06 9.999113444714020638e-01 1.293894910942960464e-03
2.457838289930542465e+06 1.000623784704412156e+00 1.228093851255615673e-03
2.457838291424742434e+06 9.986527365713223636e-01 1.194781212166487949e-03
2.457838292923442554e+06 9.948287123984304037e-01 1.228699417367352465e-03
2.457838294419842307e+06 9.950551723710631125e-01 1.222410936506561482e-03
2.457838295917442534e+06 9.939179061997610587e-01 1.467064654030839381e-03
2.457838297415042296e+06 9.925393249027891773e-01 1.227423923118655356e-03
2.457838298912542406e+06 9.940886002779755204e-01 1.172677827412489659e-03
2.457838300411042757e+06 9.947416847268512052e-01 1.238918484521027343e-03
2.457838301907742396e+06 9.943127813485544975e-01 1.149529986617783177e-03
2.457838303405142389e+06 9.933906999217854139e-01 1.019917881821872209e-03
2.457838304902642500e+06 9.942101494005705087e-01 1.217365415601977729e-03
2.457838306400242727e+06 9.941386696825101899e-01 1.265850080700353522e-03
2.457838307898542378e+06 9.938371006106467842e-01 1.190899557842703708e-03
2.457838309395242482e+06 9.931614186794430754e-01 1.296593120902002350e-03
2.457838310892842710e+06 9.935528672295281805e-01 1.250332138345993131e-03
2.457838312390342355e+06 9.920526450302464827e-01 1.114886626593347566e-03
2.457838313887742348e+06 9.953228138498523281e-01 1.204731996074979343e-03
2.457838315386242699e+06 9.923224298468396043e-01 1.136568076013891272e-03
2.457838316882942338e+06 9.923957186312706291e-01 9.708193027802324623e-04
2.457838318380442448e+06 9.930487014713368366e-01 1.165814586387051372e-03
2.457838319877942558e+06 9.931877613356433487e-01 1.080452044293368644e-03
2.457838321375442669e+06 9.925110269467655177e-01 1.347517679667354197e-03
2.457838322874042671e+06 9.925905699247421499e-01 1.267367319378023523e-03
2.457838324370442424e+06 9.923210987537357530e-01 1.467602585478697784e-03
2.457838325868042652e+06 9.918527902768308202e-01 1.219320912735275464e-03
2.457838327365742531e+06 9.935282334498618528e-01 1.279988211698349304e-03
2.457838328863342293e+06 9.938867428124518177e-01 1.425985286065233190e-03
2.457838330366507173e+06 9.928524968650040972e-01 1.308102588124197786e-03
2.457838331858242396e+06 9.927814075217447076e-01 1.098202183487482098e-03
2.457838333355542738e+06 9.934959116176379501e-01 1.247654957012631419e-03
2.457838334853442386e+06 9.993779443134956919e-01 1.294461322947236233e-03
2.457838336350942496e+06 9.991380139990183595e-01 1.224983042907770020e-03
2.457838337856347673e+06 9.994054855240392943e-01 1.114658271308136906e-03
2.457838339345842600e+06 9.992845594944076426e-01 1.199627889821860711e-03
2.457838340843442362e+06 1.000109720839221339e+00 1.198423731012123340e-03
2.457838342340582516e+06 9.994934363522623988e-01 1.378536237643616458e-03
2.457838343838742469e+06 1.000385946159848993e+00 1.175247240409522075e-03
2.457838345336942468e+06 1.000174349800150075e+00 1.386541379931874405e-03
2.457838346833542455e+06 9.998427374202196738e-01 1.158748761226970373e-03
2.457838348331142683e+06 9.994532277550961519e-01 1.189312729762426581e-03
2.457838349828942679e+06 1.000074244913312649e+00 1.403259116738836496e-03
2.457838351326142438e+06 1.000541999331321597e+00 1.185594672456067927e-03
2.457838352824742440e+06 9.993583358623111534e-01 1.166648810079605773e-03
2.457838354321142659e+06 9.996320980793336197e-01 1.160840356075241563e-03
2.457838355818742421e+06 1.001051345969041773e+00 1.181740462875099061e-03
2.457838357316342648e+06 9.998678577137286583e-01 1.262988930733181542e-03
2.457838358813842759e+06 9.996264126187680565e-01 1.148298533658999006e-03
2.457838360312342644e+06 9.995307760248774986e-01 1.032147600881691161e-03
2.457838361808942631e+06 9.999604383160798360e-01 1.117206486166341488e-03
2.457838363306642510e+06 1.000110355564693965e+00 1.117227077791504725e-03
2.457838364804042503e+06 1.002886291427944387e+00 1.238590215493815417e-03
2.457838366301542614e+06 9.982287496773546431e-01 1.194686770500505771e-03
2.457838367800242733e+06 1.000633360789530801e+00 1.306827860636997638e-03
2.457838369296742603e+06 9.991110190693158755e-01 1.321901993227178130e-03
2.457838370786586311e+06 1.000773253329773294e+00 1.219458327107302053e-03
2.457838372291642707e+06 9.995686834198570514e-01 1.266440402754219052e-03
2.457838373790342361e+06 1.000886682762356816e+00 1.326005812884255676e-03
2.457838375287742354e+06 1.000052729227040471e+00 1.157831115967424039e-03
2.457838376785842702e+06 1.000969337294421724e+00 1.188208271511508648e-03
2.457838378282942344e+06 9.994172030660551931e-01 1.103515970656702592e-03
2.457838379780342337e+06 1.000215356657287114e+00 1.131393667173331407e-03
2.457838381278142333e+06 1.000000000000000000e+00 1.180879622217955241e-03
2.457838382775342558e+06 1.002259347564851577e+00 1.109416059487833284e-03
2.457838384273342323e+06 1.000802765527227356e+00 1.136239330147960228e-03
2.457838385770742316e+06 1.000662202182165617e+00 9.713114019283390112e-04
2.457838387268242426e+06 9.984340601076032717e-01 1.258428934370106698e-03
2.457838388763413299e+06 1.000377200451091131e+00 1.388878345166322682e-03
2.457838390267442446e+06 1.000412551518876869e+00 1.150379468997460644e-03
2.457838391760942526e+06 1.002081574576373368e+00 1.183473812866677388e-03
2.457838393258742522e+06 9.985523389439712183e-01 1.159988015642998650e-03
2.457838394755642395e+06 9.993278678149929428e-01 1.390778142173311818e-03
2.457838396253342740e+06 9.990073925733674587e-01 1.335624559080207142e-03
2.457838397750842385e+06 9.976474470886476098e-01 1.377102196603975561e-03
2.457838399248742498e+06 1.000978631071172353e+00 1.176182735576373692e-03
2.457838400746142492e+06 9.999226883925781406e-01 1.287791290976269491e-03
2.457838402243542485e+06 9.998998238923122450e-01 1.265824546270192088e-03
2.457838403752700891e+06 1.000597160965553512e+00 1.118695381890619884e-03
2.457838405238442589e+06 9.974701361257981569e-01 1.019447773570485377e-03
2.457838406736242585e+06 1.000198881798250117e+00 1.633180554029841670e-03
2.457838408233542461e+06 9.999097762163219327e-01 1.145216693474118523e-03
2.457838409731242340e+06 9.999903659716349313e-01 1.124361663912980085e-03
2.458011200329887681e+06 1.002207804738504349e+00 2.031028424649685034e-03
2.458011201837862376e+06 9.976908897063807569e-01 1.562566657970746722e-03
2.458011203335762024e+06 9.981706057363377571e-01 1.654336875613719293e-03
2.458011204833562020e+06 9.993775615918663036e-01 1.458034223006670835e-03
2.458011206331362016e+06 9.994686505095434770e-01 1.225624488789087575e-03
2.458011207830362022e+06 9.995764580756233419e-01 1.444071821224377243e-03
2.458011209327362012e+06 9.991832530245591260e-01 1.971371035615213877e-03
2.458011210824762005e+06 1.000888008193192347e+00 1.658835644640554476e-03
2.458011212322662119e+06 1.000962582966027803e+00 1.952698330172679669e-03
2.458011213820662349e+06 1.000839441904250338e+00 1.643605158887268816e-03
2.458011215319562238e+06 1.000880263575729012e+00 1.913544595132071324e-03
2.458011216817755718e+06 1.001827358027194137e+00 1.660133192546140541e-03
2.458011218313962221e+06 1.002339938791619645e+00 1.638096615323580843e-03
2.458011219811862335e+06 1.001193524785253697e+00 1.288176371206009108e-03
2.458011221309761982e+06 1.000118196494012457e+00 1.639172768417914740e-03
2.458011222812862135e+06 1.000422551788837211e+00 1.885780993749018499e-03
2.458011224305361975e+06 9.992583145689331037e-01 1.636959817410698487e-03
2.458011225803262088e+06 9.990615855323254912e-01 2.085109758564090802e-03
2.458011227301162202e+06 1.002693718611757046e+00 1.535725257774807296e-03
2.458011228798862081e+06 1.001245973729233185e+00 1.790758775701995409e-03
2.458011230297662318e+06 1.003560402508401728e+00 1.868054286927950652e-03
2.458011231794361956e+06 1.001507606277683315e+00 2.109690942144703835e-03
2.458011233292262070e+06 1.001339327004610702e+00 1.531208648759022897e-03
2.458011234790262301e+06 1.004921743108413423e+00 1.379816594469536603e-03
2.458011236287962180e+06 1.002015469074440723e+00 1.551519644706911239e-03
2.458011237786862068e+06 1.003141799701164461e+00 1.697606895841181560e-03
2.458011239283562172e+06 1.001803952497050565e+00 1.962543746549156014e-03
2.458011240772875026e+06 1.001325075005153664e+00 1.536727126301274012e-03
2.458011242279362399e+06 1.003783896759467442e+00 1.319945085341751130e-03
2.458011243777262047e+06 1.001670280286207637e+00 1.395648914177603610e-03
2.458011245275862049e+06 1.003942997568042506e+00 1.463988372363612652e-03
2.458011246773762163e+06 1.001931385338949321e+00 1.330083346321355190e-03
2.458011248270662036e+06 1.001212773054479088e+00 2.024591567085762527e-03
2.458011249768562149e+06 1.002636382081503186e+00 2.186189257881940903e-03
2.458011251266162377e+06 1.004065918113205447e+00 1.586483444640489435e-03
2.458011252771782689e+06 1.000903308928403179e+00 1.675286304071280097e-03
2.458011254261862021e+06 9.976912784373777043e-01 1.510920956811400090e-03
2.458011255759662017e+06 9.958728158912029116e-01 1.439837353846181974e-03
2.458011257257762365e+06 9.940490573107928496e-01 1.546409382832620964e-03
2.458011258755462244e+06 9.945273365966865731e-01 1.829047311923316047e-03
2.458011260254262015e+06 9.931169915584645569e-01 1.467059173246432983e-03
2.458011261750962120e+06 9.958136037934783857e-01 1.820284501386559145e-03
2.458011263248661999e+06 9.930876993580167733e-01 1.340358812256914984e-03
2.458011264751142357e+06 9.945325235608748482e-01 1.338087849949482714e-03
2.458011266244562343e+06 9.935681911302369773e-01 1.624755763959002041e-03
2.458011267743362114e+06 9.942341550693204466e-01 1.443571763597106166e-03
2.458011269240362104e+06 9.921214272559113478e-01 1.854806958285155514e-03
2.458011270737862214e+06 9.932207070808145577e-01 1.486531649126105652e-03
2.458011272232702002e+06 9.935096120160259447e-01 1.465490629373293781e-03
2.458011273733661976e+06 9.924262366042557737e-01 1.275543335843430832e-03
2.458011275232661981e+06 9.934985547500025937e-01 1.494687972662577403e-03
2.458011276729362085e+06 9.929976897158203641e-01 1.889736829366700684e-03
2.458011278225768358e+06 9.943653276959401044e-01 1.457449504514909218e-03
2.458011279724962078e+06 9.921614621157766045e-01 1.589996521101502431e-03
2.458011281222762074e+06 9.926970205627060340e-01 1.208629395330358637e-03
2.458011282713174820e+06 9.925424467057913924e-01 1.534727264839864718e-03
2.458011284228542820e+06 9.932149041599170891e-01 1.490164579456340318e-03
2.458011285716262180e+06 9.947351001884422450e-01 1.457749955181400492e-03
2.458011287214162294e+06 9.936554244216529996e-01 1.389218455201580429e-03
2.458011288704768289e+06 9.944660311463102698e-01 1.345199144127715452e-03
2.458011290211061947e+06 9.950838654165846675e-01 1.541978581257526975e-03
2.458011291707462166e+06 9.925297191351857284e-01 1.828386397085906678e-03
2.458011293205562048e+06 9.956010086976947449e-01 2.172284446305427098e-03
2.458011294703062158e+06 9.945580221997915027e-01 1.842138288058299111e-03
2.458011296201262157e+06 9.966518807749149556e-01 1.363800689403160725e-03
2.458011297707429156e+06 9.967590158475734263e-01 1.337261190550380558e-03
2.458011299196562264e+06 9.993857377479297144e-01 1.443918594152914132e-03
2.458011300694662146e+06 1.000791839527187310e+00 1.311925253020129181e-03
2.458011302192462143e+06 1.000108718750295056e+00 1.456240601520288362e-03
2.458011303690262139e+06 1.000752627299746900e+00 1.295141106303349457e-03
2.458011305188962258e+06 1.000331092602561700e+00 1.650508964389998598e-03
2.458011306685862131e+06 9.998499895183741160e-01 1.470461855414256086e-03
2.458011308183762245e+06 1.000122940867300247e+00 1.365704359975785645e-03
2.458011309681462124e+06 1.000906825488300900e+00 1.387939358102390766e-03
2.458011311179362237e+06 1.000678248666671877e+00 1.160097556196217029e-03
2.458011312678162009e+06 9.997554934027229612e-01 1.394461311110361049e-03
2.458011314174962230e+06 9.989868201521814317e-01 1.586974109017252150e-03
2.458011315672762226e+06 9.993954108725090490e-01 1.586206592988500912e-03
2.458011317170562223e+06 9.990987401448044869e-01 1.100141982117370945e-03
2.458011318674335722e+06 1.000628150423117591e+00 1.371463821804028540e-03
2.458011320167362224e+06 1.001363435584408323e+00 1.476940743430741167e-03
2.458011321663962211e+06 9.997020824411916307e-01 1.496447345107575254e-03
2.458011323161762208e+06 1.001319593828364996e+00 1.380695164408043312e-03
2.458011324659662321e+06 1.001055465332180594e+00 1.545727193595116929e-03
2.458011326157662086e+06 1.000033207169732430e+00 1.290006976932258622e-03
2.458011327656561974e+06 1.000613940600612706e+00 1.224492739011359471e-03
2.458011329153362196e+06 1.000203811093346218e+00 1.331941272567116561e-03
2.458011330651162192e+06 9.997166070072003308e-01 1.552434935858731978e-03
2.458011332148962189e+06 1.001010812817768603e+00 1.446790783615060742e-03
2.458011333646762185e+06 1.001489845944742330e+00 1.279553068227143450e-03
2.458011335145561956e+06 1.000315704622896096e+00 1.376102381360800719e-03
2.458011336642462295e+06 1.000055278896062827e+00 1.610780861300455894e-03
2.458011338140361942e+06 1.000400576820847265e+00 1.453756127589325665e-03
2.458011339638262056e+06 1.000368372745255030e+00 1.383603660647810072e-03
2.458011341136062052e+06 1.000284167389410728e+00 1.341546399082147638e-03
2.458011342634862289e+06 9.980314400205139158e-01 1.374756266974384205e-03
2.458011344131362159e+06 1.000231751991925710e+00 1.557509674541308984e-03
2.458011345629562158e+06 9.999933228454145340e-01 1.534096654699482979e-03
2.458011347130361944e+06 1.000586287607794223e+00 1.148814599083335629e-03
2.458011348625162151e+06 1.001723439032931706e+00 1.416069681418156328e-03
2.458011350123962387e+06 9.996764784331780840e-01 1.323927781796798873e-03
2.458011351620562375e+06 1.001433369495924763e+00 1.292278496357198835e-03
2.458011353118462022e+06 9.999105666158756289e-01 1.628683626834779956e-03
2.458011354616362136e+06 1.000704184389710427e+00 1.260576369450144103e-03
2.458011356114262249e+06 1.001713119306951505e+00 1.659198548441807560e-03
2.458011357612962369e+06 9.991022003827897402e-01 1.433575891993696871e-03
2.458011359109862242e+06 1.000593347283063039e+00 1.306230486502021199e-03
2.458011360607562121e+06 9.992724176737689534e-01 1.452019714848876413e-03
2.458011362105462234e+06 1.000733105470638096e+00 1.608204608082581697e-03
2.458011363603262231e+06 9.989977413565579445e-01 1.430516926956763250e-03
2.458011365101962350e+06 1.000776058269263080e+00 1.209816041269606065e-03
2.458011366598862223e+06 1.001163273736640713e+00 1.402963270423338796e-03
2.458011368096762337e+06 1.000000000000000000e+00 1.555445114594076767e-03
2.458011369594661985e+06 1.000263734971674756e+00 1.410736338938028793e-03
2.458011371092362329e+06 1.001402400648961244e+00 1.261102365935437607e-03
2.458011372591362335e+06 1.001831108806401582e+00 1.326275335257212640e-03
2.458011374087962322e+06 1.001888555444899298e+00 1.834849636641281952e-03
2.458011375585861970e+06 1.000785074881437975e+00 1.517934926689127424e-03
2.458011377083962318e+06 9.996036993299072249e-01 1.308145766426654271e-03
2.458011378581461962e+06 1.000040346458201057e+00 1.515756219938839975e-03
2.458011380080362316e+06 1.000332433835571022e+00 1.379847457730309186e-03
2.458011381577061955e+06 1.001406991397939983e+00 1.492552660504638902e-03
2.458011383074962068e+06 1.001095041907993810e+00 1.208462985765142682e-03
2.458011384572962299e+06 1.000538065494650963e+00 1.390929619631044558e-03
2.458011386070861947e+06 9.997370712925718328e-01 1.363188378124884689e-03
2.458011387563487981e+06 1.000751464081055753e+00 1.675131804042577152e-03
2.458011389066362288e+06 1.000487475322856312e+00 1.420708141378244742e-03
2.458011390564162284e+06 9.996279335143226641e-01 1.487334477185728093e-03
2.458011392062061932e+06 9.992069369674045909e-01 1.520872154068096324e-03
2.458011393560162280e+06 9.998710624703418537e-01 1.194657459131751726e-03
2.458011395058862399e+06 1.000404463734089200e+00 1.884567728088936550e-03
2.458011396555362269e+06 9.991551362035969719e-01 1.323350969764637997e-03
2.458011398053262383e+06 9.986782481023361857e-01 9.960591615090818099e-04
2.458011399551162031e+06 9.984694416474750867e-01 1.392880141296210178e-03
2.458011401048862375e+06 1.000625196975840181e+00 1.217107557164405583e-03
2.458011402547862381e+06 9.989160271138134428e-01 1.269153275252219966e-03
2.458011404044762254e+06 9.994686494346490813e-01 1.175947283914131457e-03
2.458011405542662367e+06 9.996564569724203375e-01 1.535979299885141276e-03
2.458011407040362246e+06 1.000116946313927668e+00 1.568991865452999028e-03
2.458011408538262360e+06 9.998791338312504884e-01 1.387229191273852899e-03
2.458011410036862362e+06 1.000863186601902433e+00 1.385803962857115558e-03
2.458011411533762235e+06 9.999549233213106403e-01 1.454698918776685737e-03
2.458011413031662349e+06 1.000433424279630890e+00 1.372180672907777213e-03
2.458011414529462345e+06 1.000305650825959347e+00 1.437331241347417337e-03
2.458011416027262341e+06 9.995027112099801325e-01 1.372827775447473453e-03
2.458011417525961995e+06 9.998471916593033582e-01 1.558504205250743537e-03
2.458011419017635286e+06 9.993513362485274554e-01 1.319878042066313997e-03
2.458011420520662330e+06 1.000223840315621171e+00 1.116378987643344397e-03
2.458011422018462326e+06 9.992745587126103946e-01 1.356272620329557850e-03
2.458011423516262323e+06 1.001320509218572630e+00 1.407013351562604259e-03
2.458011425015361980e+06 9.992621209304943797e-01 1.475953032325995297e-03
2.458011426511961967e+06 9.998566147165347529e-01 1.368559675570604978e-03
2.458011428003514651e+06 9.999738972571621254e-01 1.202338637502559700e-03
2.458011429507762194e+06 9.998749388585307374e-01 1.294647902733328526e-03
2.458011431005462073e+06 9.977613852144229245e-01 1.413838220979336119e-03
2.458011432504662313e+06 1.000210382273793330e+00 1.387012290971760542e-03
2.458011434001361951e+06 9.982827351658380977e-01 1.460771229475795819e-03
2.458011435498761944e+06 9.981809251673228189e-01 1.479185354042288590e-03
