2.457665201046679635e+06 9.991681377838959044e-01 9.739789852458461891e-04
2.457665202544479165e+06 1.000474547076223297e+00 1.064990410894037579e-03
2.457665204042279627e+06 1.001881416176251260e+00 9.375970248536491698e-04
2.457665205539879389e+06 9.996661108296134302e-01 1.134601085912104526e-03
2.457665207038079388e+06 9.985158867177548192e-01 1.077892138639346964e-03
2.457665208535579499e+06 9.999677443807846178e-01 1.134595841342382226e-03
2.457665210033479612e+06 9.986429929573779063e-01 1.054583602639268345e-03
2.457665211530643515e+06 1.000467200422069158e+00 8.306539621035366949e-04
2.457665213029079605e+06 1.001545552009771578e+00 1.067529293244106519e-03
2.457665214526979253e+06 1.000376753243635841e+00 9.270941789179707685e-04
2.457665216024979483e+06 9.999911241674882545e-01 1.126889718567132071e-03
2.457665217522479594e+06 1.000483887127014526e+00 1.072140637054736509e-03
2.457665219020279590e+06 9.991308041932795980e-01 1.032210717289496231e-03
2.457665220518379472e+06 1.000103553151418634e+00 9.095641150890526215e-04
2.457665222016379237e+06 9.993325567498707596e-01 9.395926549813573983e-04
2.457665223514179233e+06 9.999350559944294448e-01 1.131769391207668174e-03
2.457665225011579227e+06 1.002050099505978675e+00 9.819888418900366792e-04
2.457665226509479340e+06 9.992439108670141401e-01 7.718300531229223358e-04
2.457665228007379454e+06 9.997808845076922024e-01 1.123080862703216415e-03
2.457665229505479336e+06 1.000258862487524159e+00 9.149659651472143249e-04
2.457665231006150600e+06 1.000689761309533576e+00 1.020856535082653206e-03
2.457665232500679325e+06 9.987433910733430897e-01 8.855903944922540860e-04
2.457665233998579439e+06 1.000169868160853293e+00 1.069519350139664770e-03
2.457665235496679321e+06 1.000358244300153521e+00 8.789274786198360886e-04
2.457665236994479317e+06 9.993792730919105471e-01 9.915178200582679558e-04
2.457665238491979428e+06 9.989759972171772251e-01 9.510583169315912824e-04
2.457665239989779424e+06 1.000178766689645338e+00 1.125715590135994981e-03
2.457665241487579420e+06 9.998654193899534359e-01 1.147071554048396513e-03
2.457665242985479534e+06 1.001183910101697716e+00 1.148843159400201892e-03
2.457665244483379181e+06 1.001092954973250793e+00 1.002990876383283046e-03
2.457665245980979409e+06 1.000431796078409707e+00 8.981427079128623302e-04
2.457665247490937822e+06 1.001273523689269584e+00 9.230828801685633410e-04
2.457665248976679519e+06 1.001380275780537232e+00 1.109743407671118925e-03
2.457665250474679284e+06 9.995729793499741334e-01 1.033839998090237567e-03
2.457665251972679514e+06 9.994135396489566281e-01 1.187513378138476978e-03
2.457665253470379394e+06 1.000418559620882775e+00 9.116316695085438602e-04
2.457665254967879504e+06 9.994964508970604067e-01 1.002484422225118250e-03
2.457665256465979386e+06 9.984931229834707045e-01 1.065999416012258696e-03
2.457665257960330229e+06 9.991613059144440756e-01 8.674341995415056497e-04
2.457665259461679496e+06 9.988929751880013530e-01 9.466787408529612861e-04
2.457665260959279258e+06 1.000412436928775017e+00 9.192626923510333926e-04
2.457665262457179371e+06 9.996134824434143029e-01 1.028034444301602823e-03
2.457665263954979368e+06 9.992457720501491947e-01 1.191045453182024193e-03
2.457665265453179367e+06 1.000570121473739249e+00 1.343363248543469638e-03
2.457665266950879246e+06 9.991336968768850246e-01 8.302744947007897587e-04
2.457665268448479474e+06 9.991425117194829841e-01 1.162392610671536498e-03
2.457665269946179353e+06 1.001136911141957020e+00 9.370160429840042023e-04
2.457665271443879232e+06 1.000405366441891264e+00 1.021865469236846917e-03
2.457665272941779345e+06 1.000419149502637994e+00 9.576314045225169580e-04
2.457665274439779576e+06 1.001058918677322440e+00 9.116582415744595245e-04
2.457665275937679224e+06 9.987104623119292812e-01 1.065302340473697588e-03
2.457665277435379568e+06 9.995633158729803069e-01 9.691423159869367969e-04
2.457665278932979330e+06 9.996310640518785151e-01 1.162157160391988787e-03
2.457665280430979561e+06 1.000118619377392104e+00 1.106072340411003684e-03
2.457665281928979326e+06 9.996412224686983539e-01 1.028529486687209228e-03
2.457665283427079208e+06 1.000069339914022359e+00 1.172550809853233371e-03
2.457665284924279433e+06 9.995628044651175825e-01 1.019570743609676680e-03
2.457665286422179546e+06 9.994418917859699825e-01 1.097105798983024835e-03
2.457665287924843840e+06 9.999861728487768886e-01 1.026633687252035115e-03
2.457665289418679196e+06 1.001400523009799537e+00 1.041583338770900227e-03
2.457665290908122901e+06 1.000331239420776175e+00 1.122862123213858683e-03
2.457665292413479183e+06 1.000698085070585996e+00 1.581905586723835085e-03
2.457665293920523953e+06 1.001652337241619284e+00 1.067499296721292901e-03
2.457665295409079175e+06 9.998663740078265194e-01 9.190939023164669368e-04
2.457665296907079406e+06 1.000155413993734754e+00 1.076487117412904372e-03
2.457665298404779285e+06 9.987135691218457234e-01 1.217815343481018064e-03
2.457665299904579297e+06 9.988621947307192439e-01 1.280403580812201122e-03
2.457665301400279626e+06 9.983294441953673992e-01 1.099900636211850139e-03
2.457665302898279391e+06 1.001541683333732280e+00 1.023859498094611357e-03
2.457665304396279622e+06 1.002602050296163227e+00 1.038273554126004127e-03
2.457665305893979501e+06 1.001978782763516485e+00 9.569043892780250285e-04
2.457665307391879614e+06 1.000652321427833336e+00 1.101253005332319826e-03
2.457665308889379259e+06 1.002517096696238674e+00 9.179408543605504156e-04
2.457665310379823204e+06 9.993106732931544833e-01 9.972511160166775985e-04
2.457665311876849737e+06 1.001249040389276868e+00 1.032505337414407363e-03
2.457665313383179251e+06 1.001172634149340324e+00 9.584085735424055204e-04
2.457665314880479593e+06 1.001136435131938285e+00 9.821367973785371033e-04
2.457665316378579475e+06 1.001885874187546044e+00 1.062405942777846666e-03
2.457665317876379471e+06 1.000175845579178935e+00 1.024988263474339465e-03
2.457665319374479353e+06 9.999089666733653736e-01 1.095949475767138501e-03
2.457665320881597698e+06 9.993362881890995864e-01 8.695578183995157683e-04
2.457665322369779460e+06 1.001330250935904331e+00 9.049636404247154856e-04
2.457665323867679574e+06 9.996751165138544337e-01 9.283971429780340026e-04
2.457665325365679339e+06 9.996281932521688951e-01 7.346688394972405566e-04
2.457665326863479335e+06 1.000121181603703890e+00 9.316841472749874589e-04
2.457665328361079562e+06 1.000010544837023785e+00 1.203976703135257098e-03
2.457665329858779442e+06 9.969060975669130631e-01 9.376029005210878738e-04
2.457665331356679555e+06 9.940352832385127568e-01 1.048236648476958029e-03
2.457665332854579203e+06 9.929811899016646182e-01 8.554651015132244988e-04
2.457665334352779202e+06 9.928362647901612936e-01 1.132463878228781367e-03
2.457665335850279313e+06 9.940135094378279579e-01 1.080386328371130437e-03
2.457665337347879540e+06 9.918261555422158704e-01 1.122960403630551178e-03
2.457665338845579419e+06 9.925480757953626387e-01 1.322698966332305163e-03
2.457665340343779419e+06 9.933070128094531048e-01 8.652027172350478575e-04
2.457665341841679532e+06 9.929568018674352903e-01 8.107220513933331056e-04
2.457665343339579180e+06 9.931161194731593644e-01 9.666002875046837651e-04
2.457665344836879522e+06 9.937543223268823223e-01 1.152544559041497911e-03
2.457665346334979404e+06 9.931062240189090229e-01 1.212528658224767270e-03
2.457665347832679283e+06 9.951146991994104241e-01 1.133541806416128814e-03
2.457665349330979399e+06 9.938825437524915207e-01 1.037340382586142981e-03
2.457665350828479510e+06 9.941029653346175055e-01 8.659603723594433379e-04
2.457665352326179389e+06 9.938462317966705317e-01 1.069960993226079949e-03
2.457665353824179620e+06 9.947024129414809845e-01 9.582285671817707216e-04
2.457665355321679264e+06 9.948371328823352178e-01 9.237318021390960405e-04
2.457665356819779612e+06 9.945663040576084857e-01 1.056160483901874515e-03
2.457665358317579608e+06 9.936350253104468955e-01 1.068175656122624748e-03
2.457665359815279488e+06 9.937202739505747173e-01 8.364151251998863407e-04
2.457665361312979367e+06 9.935238295723436419e-01 9.135556609941899693e-04
2.457665362810679246e+06 9.939893017610997861e-01 1.023770090688234935e-03
2.457665364308979362e+06 9.937413753101854708e-01 1.166317461317094815e-03
2.457665365806779359e+06 9.933283847919013310e-01 1.158798109085426836e-03
2.457665367304279469e+06 9.938987884540295692e-01 9.575951605046902635e-04
2.457665368802079465e+06 9.935511014039630773e-01 1.339122808098906683e-03
2.457665370303624310e+06 9.936113218521818169e-01 1.002273188021370097e-03
2.457665371798079461e+06 9.972471320674797246e-01 1.088097973915483092e-03
2.457665373295979574e+06 9.995136282383092485e-01 1.060610787530988147e-03
2.457665374793579336e+06 1.000124472398886466e+00 1.222946057995273877e-03
2.457665376291279215e+06 9.996093880486163208e-01 1.095301875962093139e-03
2.457665377789279446e+06 1.000579847681642098e+00 9.349193503449323029e-04
2.457665379287379328e+06 1.000398167588315790e+00 9.591051363795840851e-04
2.457665380784679204e+06 9.981640681709829099e-01 9.299036349467804195e-04
2.457665382282479201e+06 9.992202825779246123e-01 8.738815543507037591e-04
2.457665383780379314e+06 9.989880912109948552e-01 8.409339631922021921e-04
2.457665385278179310e+06 9.996860604011059692e-01 9.806069096480510804e-04
2.457665386776079424e+06 1.000786577706257230e+00 1.072512192088703742e-03
2.457665388273779303e+06 1.001815738815918122e+00 9.425891990059571913e-04
2.457665389771579299e+06 1.000967030719283279e+00 9.320670059146983835e-04
2.457665391269379295e+06 1.000223818026641398e+00 1.155156348394252314e-03
2.457665392762063537e+06 1.000352141408217488e+00 9.946329171441770783e-04
2.457665394272384234e+06 1.000609776223607250e+00 9.118393529274839045e-04
2.457665395762979519e+06 9.994796966092808210e-01 1.208430309181295938e-03
2.457665397260879632e+06 1.001106586695432732e+00 1.245553355891678695e-03
2.457665398758579511e+06 1.001118877134524743e+00 1.109057605493468180e-03
2.457665400260679424e+06 9.980795198157369486e-01 1.225994009877281717e-03
2.457665401754479390e+06 9.991650444628160654e-01 9.049537303432938790e-04
2.457665403252179269e+06 9.987230600503669287e-01 9.549795485774567952e-04
2.457665404749579262e+06 1.000317582478394973e+00 1.044985329115092612e-03
2.457665406247579493e+06 9.991650777099597702e-01 1.001375685502175735e-03
2.457665407745379489e+06 1.000008875832511857e+00 8.847390101200781161e-04
2.457665409243479371e+06 9.984319841273135987e-01 9.918094888604924147e-04
2.457665410741079599e+06 9.980348831647837260e-01 9.741753774523716344e-04
2.457665412238879595e+06 1.000386176750441836e+00 9.760819437941216934e-04
2.457665413728276733e+06 9.994434471792015273e-01 1.095103668105196866e-03
2.457665415237577166e+06 9.979244108628325671e-01 1.189284518242743078e-03
2.457665416732779238e+06 1.000873512559103284e+00 8.420725104047261040e-04
2.457665418236610945e+06 9.996018484886224353e-01 1.028411066027325226e-03
2.457665419727879576e+06 9.998845026681265624e-01 1.148700611864325377e-03
