2.457813564235556405e+06 1.001673487978167687e+00 8.093276264948089235e-04
2.457813565744341351e+06 9.991777308367393307e-01 8.691949994813204065e-04
2.457813567231356166e+06 9.996326305158027559e-01 1.061493323206970894e-03
2.457813568727856036e+06 1.000940434021457826e+00 7.952942226313591953e-04
2.457813570225456264e+06 1.000518722246199532e+00 8.860472832938461139e-04
2.457813571726056281e+06 1.000015021319460740e+00 8.105872690374891013e-04
2.457813573220456019e+06 1.000385040355456612e+00 7.766874548972846348e-04
2.457813574718856253e+06 9.994419280773920722e-01 7.322178300447162958e-04
2.457813576215456240e+06 9.988434133266249626e-01 8.566246620569973897e-04
2.457813577713056002e+06 9.989997751933642478e-01 7.385742876712968110e-04
2.457813579210855998e+06 1.000968790031411482e+00 7.440642565185750547e-04
2.457813580708056223e+06 9.985397087535673455e-01 7.365404427216502934e-04
2.457813582206756342e+06 9.991985414820985234e-01 9.444391180592416786e-04
2.457813583703167271e+06 9.941125989107563177e-01 1.015727023908884977e-03
2.457813585200956091e+06 9.935211095578220242e-01 7.760510974986171854e-04
2.457813586698656436e+06 9.924423320741707633e-01 8.864930949151959534e-04
2.457813588195756078e+06 9.908766739640676446e-01 9.154941937596213983e-04
2.457813589694456197e+06 9.914746523494276653e-01 8.683510319914431938e-04
2.457813591191056184e+06 9.919365779277568018e-01 7.857614326713144130e-04
2.457813592700514942e+06 9.921464380965625551e-01 9.344963716221761120e-04
2.457813594186156057e+06 9.924752409605928083e-01 7.593260039730035131e-04
2.457813595695414580e+06 9.919934543347913580e-01 8.284136446705550692e-04
2.457813597181956284e+06 9.913915210723115434e-01 8.472195225337369497e-04
2.457813598678756040e+06 9.915807159143766869e-01 7.939501044003168147e-04
2.457813600176156033e+06 9.901970105277303480e-01 8.200278148314249635e-04
2.457813601663786452e+06 9.914440960193092733e-01 8.853693515348495151e-04
2.457813603171256371e+06 9.938596187342089161e-01 8.704163122057426453e-04
2.457813604669756256e+06 9.916142177740229213e-01 8.326859283458427994e-04
2.457813606166356243e+06 9.914242008555100849e-01 8.068703599755003677e-04
2.457813607663956005e+06 9.913845949365914789e-01 7.978259427406578360e-04
2.457813609161355998e+06 9.913659376919802257e-01 7.278015774238657002e-04
2.457813610659056343e+06 9.915380194659666468e-01 8.632209828404016671e-04
2.457813612157556228e+06 9.906967719643510195e-01 7.070805781055110664e-04
2.457813613653955981e+06 9.922043982550101671e-01 9.542808682534476049e-04
2.457813615151456092e+06 9.917100616180262174e-01 8.042903277536503229e-04
2.457813616649256088e+06 9.923348446250708221e-01 9.784554498824579293e-04
2.457813618146756198e+06 9.933819344727221612e-01 9.694163367045315147e-04
2.457813619645056315e+06 9.920659470639776600e-01 9.624944384780796279e-04
2.457813621141856071e+06 9.911364932621179458e-01 7.811984339745449771e-04
2.457813622639156412e+06 9.923704290164052644e-01 7.748230352010202718e-04
2.457813624136956409e+06 9.937046919378893506e-01 7.531979761002197951e-04
2.457813625634356402e+06 9.960134443765384926e-01 8.398003326211840982e-04
2.457813627132856287e+06 9.981471066051905705e-01 8.316715217083014240e-04
2.457813628629756160e+06 9.999012089446687179e-01 9.420840156093713679e-04
2.457813630127056036e+06 1.000225611816616622e+00 9.148084241664398465e-04
2.457813631624556147e+06 1.001220931135629932e+00 8.563383589900695498e-04
2.457813633121956140e+06 1.001393328464394328e+00 7.804832079584073318e-04
2.457813634620756377e+06 9.987420544463254668e-01 7.881568023878494488e-04
2.457813636117056012e+06 9.994081363504079274e-01 7.000503782239441558e-04
2.457813637615856249e+06 9.996643918759279268e-01 8.120293608015414491e-04
2.457813639113256242e+06 1.000426638317646555e+00 7.430594418030022925e-04
2.457813640610856004e+06 1.000000000000000000e+00 7.750893137659499270e-04
2.457813642108556349e+06 1.001295340875312911e+00 8.844303283669490432e-04
2.457813643606455997e+06 1.001134516729647927e+00 7.494249138537434915e-04
2.457813645103855990e+06 1.000598633334193854e+00 8.461197013156634148e-04
2.457813646600956097e+06 9.990135473619223827e-01 8.510993609575745033e-04
2.457813648098655976e+06 1.001803444035997748e+00 1.358055892774356118e-03
2.457813649596156087e+06 1.000181309804802021e+00 8.749377968240801360e-04
2.457813651094056200e+06 9.998021425897147818e-01 8.298258725798645557e-04
2.457813652591256425e+06 9.998763418416781734e-01 8.027593716452791160e-04
2.457813654088856187e+06 9.993467278617305105e-01 8.188633190750841404e-04
2.457813655586356297e+06 9.987572370483952522e-01 7.991542988872943083e-04
2.457813657083856408e+06 1.001075233651740781e+00 9.427797087070850226e-04
2.457813658581656404e+06 1.000149802818614431e+00 8.404581506636697816e-04
2.457813660078956280e+06 1.000168780796817813e+00 8.126763423189706107e-04
2.457813661576456390e+06 1.000633619221206416e+00 6.915842756494664390e-04
2.457813663062293082e+06 1.000764016024997094e+00 8.268515054746815090e-04
2.457813664571556263e+06 9.991355171545519553e-01 6.899923447418827762e-04
2.457813666073747445e+06 9.984611167009056487e-01 7.436492670199567993e-04
2.457813667566556018e+06 1.000516842980934795e+00 8.104939033760053153e-04
2.457813669064056128e+06 1.000428932646050928e+00 8.757908605477170583e-04
2.457813670561556239e+06 1.000338235969606471e+00 9.859320712311146675e-04
2.457813672063756268e+06 9.999726738294600903e-01 8.920228039444341554e-04
2.457813673557256348e+06 9.989685715685174827e-01 8.261366057700642029e-04
2.457813675054656342e+06 9.994159677441081246e-01 8.955278415053596636e-04
2.457813676551755983e+06 9.996299051880100928e-01 8.569345740184558741e-04
2.457813678056087811e+06 9.996667938202288273e-01 1.010956431929529824e-03
2.457813679547056090e+06 9.992762761993314591e-01 8.404213233236365772e-04
2.457813681035706308e+06 1.001457823008373271e+00 7.719468165709982357e-04
2.457813682542056311e+06 9.995308207690363211e-01 9.374143180015747463e-04
2.457813684039556421e+06 9.998875852305506573e-01 8.028253822171699814e-04
2.457813685537056066e+06 1.001386166536076816e+00 9.512166869003392967e-04
2.457813687034656294e+06 1.000384357915169886e+00 9.104017398627909600e-04
2.457813688532456290e+06 9.997317663248651565e-01 8.571704636052384892e-04
2.457813690029756166e+06 1.001209498181494295e+00 8.193993376707325816e-04
2.457813691527156159e+06 9.997193617250742514e-01 9.035634650135038540e-04
