2.458011200329887681e+06 1.002207804738504349e+00 2.031028424649685034e-03
2.458011201837862376e+06 9.976908897063807569e-01 1.562566657970746722e-03
2.458011203335762024e+06 9.981706057363377571e-01 1.654336875613719293e-03
2.458011204833562020e+06 9.993775615918663036e-01 1.458034223006670835e-03
2.458011206331362016e+06 9.994686505095434770e-01 1.225624488789087575e-03
2.458011207830362022e+06 9.995764580756233419e-01 1.444071821224377243e-03
2.458011209327362012e+06 9.991832530245591260e-01 1.971371035615213877e-03
2.458011210824762005e+06 1.000888008193192347e+00 1.658835644640554476e-03
2.458011212322662119e+06 1.000962582966027803e+00 1.952698330172679669e-03
2.458011213820662349e+06 1.000839441904250338e+00 1.643605158887268816e-03
2.458011215319562238e+06 1.000880263575729012e+00 1.913544595132071324e-03
2.458011216817755718e+06 1.001827358027194137e+00 1.660133192546140541e-03
2.458011218313962221e+06 1.002339938791619645e+00 1.638096615323580843e-03
2.458011219811862335e+06 1.001193524785253697e+00 1.288176371206009108e-03
2.458011221309761982e+06 1.000118196494012457e+00 1.639172768417914740e-03
2.458011222812862135e+06 1.000422551788837211e+00 1.885780993749018499e-03
2.458011224305361975e+06 9.992583145689331037e-01 1.636959817410698487e-03
2.458011225803262088e+06 9.990615855323254912e-01 2.085109758564090802e-03
2.458011227301162202e+06 1.002693718611757046e+00 1.535725257774807296e-03
2.458011228798862081e+06 1.001245973729233185e+00 1.790758775701995409e-03
2.458011230297662318e+06 1.003560402508401728e+00 1.868054286927950652e-03
2.458011231794361956e+06 1.001507606277683315e+00 2.109690942144703835e-03
2.458011233292262070e+06 1.001339327004610702e+00 1.531208648759022897e-03
2.458011234790262301e+06 1.004921743108413423e+00 1.379816594469536603e-03
2.458011236287962180e+06 1.002015469074440723e+00 1.551519644706911239e-03
2.458011237786862068e+06 1.003141799701164461e+00 1.697606895841181560e-03
2.458011239283562172e+06 1.001803952497050565e+00 1.962543746549156014e-03
2.458011240772875026e+06 1.001325075005153664e+00 1.536727126301274012e-03
2.458011242279362399e+06 1.003783896759467442e+00 1.319945085341751130e-03
2.458011243777262047e+06 1.001670280286207637e+00 1.395648914177603610e-03
2.458011245275862049e+06 1.003942997568042506e+00 1.463988372363612652e-03
2.458011246773762163e+06 1.001931385338949321e+00 1.330083346321355190e-03
2.458011248270662036e+06 1.001212773054479088e+00 2.024591567085762527e-03
2.458011249768562149e+06 1.002636382081503186e+00 2.186189257881940903e-03
2.458011251266162377e+06 1.004065918113205447e+00 1.586483444640489435e-03
2.458011252771782689e+06 1.000903308928403179e+00 1.675286304071280097e-03
2.458011254261862021e+06 9.976912784373777043e-01 1.510920956811400090e-03
2.458011255759662017e+06 9.958728158912029116e-01 1.439837353846181974e-03
2.458011257257762365e+06 9.940490573107928496e-01 1.546409382832620964e-03
2.458011258755462244e+06 9.945273365966865731e-01 1.829047311923316047e-03
2.458011260254262015e+06 9.931169915584645569e-01 1.467059173246432983e-03
2.458011261750962120e+06 9.958136037934783857e-01 1.820284501386559145e-03
2.458011263248661999e+06 9.930876993580167733e-01 1.340358812256914984e-03
2.458011264751142357e+06 9.945325235608748482e-01 1.338087849949482714e-03
2.458011266244562343e+06 9.935681911302369773e-01 1.624755763959002041e-03
2.458011267743362114e+06 9.942341550693204466e-01 1.443571763597106166e-03
2.458011269240362104e+06 9.921214272559113478e-01 1.854806958285155514e-03
2.458011270737862214e+06 9.932207070808145577e-01 1.486531649126105652e-03
2.458011272232702002e+06 9.935096120160259447e-01 1.465490629373293781e-03
2.458011273733661976e+06 9.924262366042557737e-01 1.275543335843430832e-03
2.458011275232661981e+06 9.934985547500025937e-01 1.494687972662577403e-03
2.458011276729362085e+06 9.929976897158203641e-01 1.889736829366700684e-03
2.458011278225768358e+06 9.943653276959401044e-01 1.457449504514909218e-03
2.458011279724962078e+06 9.921614621157766045e-01 1.589996521101502431e-03
2.458011281222762074e+06 9.926970205627060340e-01 1.208629395330358637e-03
2.458011282713174820e+06 9.925424467057913924e-01 1.534727264839864718e-03
2.458011284228542820e+06 9.932149041599170891e-01 1.490164579456340318e-03
2.458011285716262180e+06 9.947351001884422450e-01 1.457749955181400492e-03
2.458011287214162294e+06 9.936554244216529996e-01 1.389218455201580429e-03
2.458011288704768289e+06 9.944660311463102698e-01 1.345199144127715452e-03
2.458011290211061947e+06 9.950838654165846675e-01 1.541978581257526975e-03
2.458011291707462166e+06 9.925297191351857284e-01 1.828386397085906678e-03
2.458011293205562048e+06 9.956010086976947449e-01 2.172284446305427098e-03
2.458011294703062158e+06 9.945580221997915027e-01 1.842138288058299111e-03
2.458011296201262157e+06 9.966518807749149556e-01 1.363800689403160725e-03
2.458011297707429156e+06 9.967590158475734263e-01 1.337261190550380558e-03
2.458011299196562264e+06 9.993857377479297144e-01 1.443918594152914132e-03
2.458011300694662146e+06 1.000791839527187310e+00 1.311925253020129181e-03
2.458011302192462143e+06 1.000108718750295056e+00 1.456240601520288362e-03
2.458011303690262139e+06 1.000752627299746900e+00 1.295141106303349457e-03
2.458011305188962258e+06 1.000331092602561700e+00 1.650508964389998598e-03
2.458011306685862131e+06 9.998499895183741160e-01 1.470461855414256086e-03
2.458011308183762245e+06 1.000122940867300247e+00 1.365704359975785645e-03
2.458011309681462124e+06 1.000906825488300900e+00 1.387939358102390766e-03
2.458011311179362237e+06 1.000678248666671877e+00 1.160097556196217029e-03
2.458011312678162009e+06 9.997554934027229612e-01 1.394461311110361049e-03
2.458011314174962230e+06 9.989868201521814317e-01 1.586974109017252150e-03
2.458011315672762226e+06 9.993954108725090490e-01 1.586206592988500912e-03
2.458011317170562223e+06 9.990987401448044869e-01 1.100141982117370945e-03
2.458011318674335722e+06 1.000628150423117591e+00 1.371463821804028540e-03
2.458011320167362224e+06 1.001363435584408323e+00 1.476940743430741167e-03
2.458011321663962211e+06 9.997020824411916307e-01 1.496447345107575254e-03
2.458011323161762208e+06 1.001319593828364996e+00 1.380695164408043312e-03
2.458011324659662321e+06 1.001055465332180594e+00 1.545727193595116929e-03
2.458011326157662086e+06 1.000033207169732430e+00 1.290006976932258622e-03
2.458011327656561974e+06 1.000613940600612706e+00 1.224492739011359471e-03
2.458011329153362196e+06 1.000203811093346218e+00 1.331941272567116561e-03
2.458011330651162192e+06 9.997166070072003308e-01 1.552434935858731978e-03
2.458011332148962189e+06 1.001010812817768603e+00 1.446790783615060742e-03
2.458011333646762185e+06 1.001489845944742330e+00 1.279553068227143450e-03
2.458011335145561956e+06 1.000315704622896096e+00 1.376102381360800719e-03
2.458011336642462295e+06 1.000055278896062827e+00 1.610780861300455894e-03
2.458011338140361942e+06 1.000400576820847265e+00 1.453756127589325665e-03
2.458011339638262056e+06 1.000368372745255030e+00 1.383603660647810072e-03
2.458011341136062052e+06 1.000284167389410728e+00 1.341546399082147638e-03
2.458011342634862289e+06 9.980314400205139158e-01 1.374756266974384205e-03
2.458011344131362159e+06 1.000231751991925710e+00 1.557509674541308984e-03
2.458011345629562158e+06 9.999933228454145340e-01 1.534096654699482979e-03
2.458011347130361944e+06 1.000586287607794223e+00 1.148814599083335629e-03
2.458011348625162151e+06 1.001723439032931706e+00 1.416069681418156328e-03
2.458011350123962387e+06 9.996764784331780840e-01 1.323927781796798873e-03
2.458011351620562375e+06 1.001433369495924763e+00 1.292278496357198835e-03
2.458011353118462022e+06 9.999105666158756289e-01 1.628683626834779956e-03
2.458011354616362136e+06 1.000704184389710427e+00 1.260576369450144103e-03
2.458011356114262249e+06 1.001713119306951505e+00 1.659198548441807560e-03
2.458011357612962369e+06 9.991022003827897402e-01 1.433575891993696871e-03
2.458011359109862242e+06 1.000593347283063039e+00 1.306230486502021199e-03
2.458011360607562121e+06 9.992724176737689534e-01 1.452019714848876413e-03
2.458011362105462234e+06 1.000733105470638096e+00 1.608204608082581697e-03
2.458011363603262231e+06 9.989977413565579445e-01 1.430516926956763250e-03
2.458011365101962350e+06 1.000776058269263080e+00 1.209816041269606065e-03
2.458011366598862223e+06 1.001163273736640713e+00 1.402963270423338796e-03
2.458011368096762337e+06 1.000000000000000000e+00 1.555445114594076767e-03
2.458011369594661985e+06 1.000263734971674756e+00 1.410736338938028793e-03
2.458011371092362329e+06 1.001402400648961244e+00 1.261102365935437607e-03
2.458011372591362335e+06 1.001831108806401582e+00 1.326275335257212640e-03
2.458011374087962322e+06 1.001888555444899298e+00 1.834849636641281952e-03
2.458011375585861970e+06 1.000785074881437975e+00 1.517934926689127424e-03
2.458011377083962318e+06 9.996036993299072249e-01 1.308145766426654271e-03
2.458011378581461962e+06 1.000040346458201057e+00 1.515756219938839975e-03
2.458011380080362316e+06 1.000332433835571022e+00 1.379847457730309186e-03
2.458011381577061955e+06 1.001406991397939983e+00 1.492552660504638902e-03
2.458011383074962068e+06 1.001095041907993810e+00 1.208462985765142682e-03
2.458011384572962299e+06 1.000538065494650963e+00 1.390929619631044558e-03
2.458011386070861947e+06 9.997370712925718328e-01 1.363188378124884689e-03
2.458011387563487981e+06 1.000751464081055753e+00 1.675131804042577152e-03
2.458011389066362288e+06 1.000487475322856312e+00 1.420708141378244742e-03
2.458011390564162284e+06 9.996279335143226641e-01 1.487334477185728093e-03
2.458011392062061932e+06 9.992069369674045909e-01 1.520872154068096324e-03
2.458011393560162280e+06 9.998710624703418537e-01 1.194657459131751726e-03
2.458011395058862399e+06 1.000404463734089200e+00 1.884567728088936550e-03
2.458011396555362269e+06 9.991551362035969719e-01 1.323350969764637997e-03
2.458011398053262383e+06 9.986782481023361857e-01 9.960591615090818099e-04
2.458011399551162031e+06 9.984694416474750867e-01 1.392880141296210178e-03
2.458011401048862375e+06 1.000625196975840181e+00 1.217107557164405583e-03
2.458011402547862381e+06 9.989160271138134428e-01 1.269153275252219966e-03
2.458011404044762254e+06 9.994686494346490813e-01 1.175947283914131457e-03
2.458011405542662367e+06 9.996564569724203375e-01 1.535979299885141276e-03
2.458011407040362246e+06 1.000116946313927668e+00 1.568991865452999028e-03
2.458011408538262360e+06 9.998791338312504884e-01 1.387229191273852899e-03
2.458011410036862362e+06 1.000863186601902433e+00 1.385803962857115558e-03
2.458011411533762235e+06 9.999549233213106403e-01 1.454698918776685737e-03
2.458011413031662349e+06 1.000433424279630890e+00 1.372180672907777213e-03
2.458011414529462345e+06 1.000305650825959347e+00 1.437331241347417337e-03
2.458011416027262341e+06 9.995027112099801325e-01 1.372827775447473453e-03
2.458011417525961995e+06 9.998471916593033582e-01 1.558504205250743537e-03
2.458011419017635286e+06 9.993513362485274554e-01 1.319878042066313997e-03
2.458011420520662330e+06 1.000223840315621171e+00 1.116378987643344397e-03
2.458011422018462326e+06 9.992745587126103946e-01 1.356272620329557850e-03
2.458011423516262323e+06 1.001320509218572630e+00 1.407013351562604259e-03
2.458011425015361980e+06 9.992621209304943797e-01 1.475953032325995297e-03
2.458011426511961967e+06 9.998566147165347529e-01 1.368559675570604978e-03
2.458011428003514651e+06 9.999738972571621254e-01 1.202338637502559700e-03
2.458011429507762194e+06 9.998749388585307374e-01 1.294647902733328526e-03
2.458011431005462073e+06 9.977613852144229245e-01 1.413838220979336119e-03
2.458011432504662313e+06 1.000210382273793330e+00 1.387012290971760542e-03
2.458011434001361951e+06 9.982827351658380977e-01 1.460771229475795819e-03
2.458011435498761944e+06 9.981809251673228189e-01 1.479185354042288590e-03
