2.457825815597312525e+06 9.979331430390356861e-01 8.382086640393013105e-04
2.457825817094612401e+06 9.986030478411385136e-01 8.474955054908958618e-04
2.457825818592112511e+06 9.977499909737872485e-01 9.218564976427832958e-04
2.457825820089512505e+06 9.971571171482169760e-01 1.000275591944849380e-03
2.457825821588012390e+06 9.995282063743541334e-01 9.190927572181607210e-04
2.457825823084512260e+06 9.986139301146944591e-01 9.792838193693608351e-04
2.457825824582212605e+06 1.000303164227345443e+00 8.371342690294574689e-04
2.457825826079812367e+06 9.989953002665422632e-01 9.223661633972226031e-04
2.457825827577412594e+06 9.996956619927745979e-01 9.241560292016373981e-04
2.457825829075812362e+06 1.001108463762434120e+00 8.886558408690042226e-04
2.457825830572512466e+06 9.969783645105158021e-01 8.974459960441650858e-04
2.457825832070112228e+06 1.000203527894969247e+00 8.698863717192170924e-04
2.457825833567512222e+06 1.001223109134016909e+00 9.051113853471345200e-04
2.457825835065012332e+06 9.999615958453712539e-01 9.909141896402653710e-04
2.457825836563512217e+06 9.999923704465405461e-01 9.025340001097074656e-04
2.457825838060396723e+06 1.002016933390485809e+00 1.196358286739205093e-03
2.457825839557612315e+06 9.990839692882373946e-01 9.259054833648625461e-04
2.457825841055112425e+06 9.989903423592210174e-01 9.491368790371162642e-04
2.457825842552612536e+06 1.000186698132343066e+00 7.416563178308029514e-04
2.457825844051012304e+06 1.001307909453592382e+00 8.102718242291779595e-04
2.457825845547612291e+06 1.000349882116860822e+00 9.690711511248678882e-04
2.457825847045212518e+06 1.000960912614504261e+00 9.165654486329103800e-04
2.457825848543012515e+06 9.997388900922697941e-01 9.272290587968426206e-04
2.457825850040312391e+06 1.000305769393223798e+00 1.078829925897726661e-03
2.457825851538712159e+06 9.981069843230201410e-01 1.121158235551642781e-03
2.457825853035212494e+06 9.991898519450033156e-01 7.553712665720968772e-04
2.457825854532812256e+06 1.000084260915806711e+00 8.900162609470845627e-04
2.457825856030312367e+06 9.994221777679609398e-01 9.719796391072825980e-04
2.457825857527912594e+06 1.000521928045136510e+00 9.504632207518587655e-04
2.457825859026512597e+06 9.998164326300142957e-01 9.065524915736027090e-04
2.457825860522912350e+06 1.000287146461634968e+00 8.604787881476246621e-04
2.457825862024330068e+06 1.000428841827890381e+00 9.916478596635567178e-04
2.457825863518212456e+06 1.000118868710020870e+00 9.225033637650237187e-04
2.457825865015712567e+06 1.000480914123164755e+00 8.589673530172279485e-04
2.457825866514112335e+06 1.000705615830210338e+00 8.524058629999607542e-04
2.457825868010612205e+06 9.996792377462443424e-01 9.126725977541222477e-04
2.457825869508312549e+06 9.991762409317902494e-01 9.384901628092588537e-04
2.457825871005712543e+06 9.987826567488244933e-01 8.116965514685391169e-04
2.457825872503312305e+06 1.000772558113052657e+00 9.620357510880323459e-04
2.457825874001712538e+06 1.000455692054963652e+00 1.093299415416033220e-03
2.457825875498312525e+06 9.997145944217440405e-01 1.051740553070051138e-03
2.457825876995912287e+06 9.996784547131437604e-01 8.972274806114767303e-04
2.457825878493412398e+06 9.988291769333270675e-01 8.515326168758527046e-04
2.457825879991012160e+06 9.996914777864199797e-01 7.630583816476387829e-04
2.457825881489312276e+06 1.000042357822657602e+00 9.511166069466502797e-04
2.457825882985912263e+06 1.000898480436994253e+00 8.318566674661365731e-04
2.457825884483612143e+06 9.999986857770315485e-01 9.153544137870823485e-04
2.457825885996070690e+06 9.993504931275623004e-01 9.687504205966091832e-04
2.457825887478412595e+06 1.000243361918936591e+00 1.137696096047776610e-03
2.457825888977112249e+06 1.000524435752905728e+00 9.362375892777279876e-04
2.457825890472030267e+06 1.000273459067823056e+00 9.837965348081906779e-04
2.457825891971212346e+06 9.998712185157184740e-01 8.764315684565596003e-04
2.457825893468812574e+06 1.000325410537938664e+00 9.184496533698968158e-04
2.457825894966312218e+06 9.993688110107572520e-01 1.033981571811734470e-03
2.457825896464812569e+06 1.000153781005958198e+00 9.776148877412686473e-04
2.457825897961312439e+06 1.000693302923545858e+00 9.329117806462594673e-04
2.457825899458812550e+06 1.000048283332718002e+00 9.093438308985063142e-04
2.457825900956712198e+06 9.993762581781944210e-01 1.030911745039946427e-03
2.457825902454112191e+06 9.997808115373542082e-01 8.365865535547362857e-04
2.457825903952412307e+06 1.000000000000000000e+00 8.448417422876064193e-04
2.457825905449112412e+06 9.994369717304720790e-01 8.939852543111473631e-04
2.457825906946412288e+06 9.991654493943523674e-01 9.193273499483574579e-04
2.457825908444012515e+06 1.000643225365565492e+00 9.527924255463617606e-04
2.457825909941512160e+06 1.000016247650598489e+00 1.110038953582535457e-03
2.457825911440212280e+06 1.000728365063450864e+00 8.776044383905581576e-04
2.457825912936512381e+06 9.998772847493568872e-01 8.823911944908820063e-04
2.457825914434312377e+06 1.000128540436077129e+00 9.324295089374502613e-04
2.457825915931812488e+06 1.000080449484944900e+00 8.248000698221040353e-04
2.457825917429412249e+06 9.986313066418848194e-01 9.046894286384878471e-04
2.457825918927812483e+06 9.996550762225001607e-01 8.383546758829354788e-04
2.457825920424312353e+06 1.000137397891272650e+00 8.242536055317264835e-04
2.457825921917836647e+06 1.002378697349210590e+00 1.057169491297696049e-03
2.457825923419312574e+06 1.000159312531508471e+00 8.827150330206416217e-04
2.457825924916812219e+06 9.975870353139624225e-01 1.005791458067009691e-03
2.457825926405816339e+06 9.998719922867548293e-01 8.150536424577250853e-04
2.457825927911912557e+06 9.998658855960063097e-01 9.008394001030273820e-04
2.457825929409512319e+06 9.989326149221403606e-01 8.563271784054681760e-04
2.457825930906912312e+06 9.999123116632321340e-01 9.101545652302514252e-04
2.457825932404412422e+06 1.002631757244893729e+00 9.702547659420231695e-04
2.457825933903112542e+06 1.000126550959085092e+00 8.560430969040521820e-04
2.457825935399612412e+06 9.996806569361066375e-01 8.199710554910456372e-04
2.457825936897112522e+06 9.987676946615514639e-01 9.566365049049956005e-04
2.457825938394812401e+06 9.946734177059707305e-01 9.190869137847039938e-04
2.457825939892012160e+06 9.919162721348548928e-01 7.139246721933620657e-04
2.457825941390812397e+06 9.907920258095599397e-01 8.349087811618217340e-04
2.457825942887412384e+06 9.915851105053288261e-01 7.244028398299340787e-04
2.457825944384612143e+06 9.922793679220391905e-01 8.415903672874287941e-04
2.457825945882412605e+06 9.918487898024020977e-01 9.177518103531353590e-04
2.457825947379912250e+06 9.915560907766417520e-01 8.866666664281150963e-04
2.457825948878512252e+06 9.923126732269416106e-01 8.029066488788244105e-04
2.457825950374912471e+06 9.915224770236863439e-01 8.878318041031765719e-04
2.457825951872512233e+06 9.905441891981872082e-01 7.686690246473823701e-04
2.457825953370012343e+06 9.906091144333230014e-01 9.803685906812934989e-04
2.457825954867512453e+06 9.901117493099151901e-01 8.889067873137218839e-04
2.457825956369383726e+06 9.911169465824769542e-01 9.120626599139797404e-04
2.457825957862612326e+06 9.917655267012445153e-01 9.119047155905635324e-04
2.457825959360112436e+06 9.919992242595495613e-01 7.679945790384057986e-04
2.457825960857612547e+06 9.923772992564136031e-01 9.228386019677623561e-04
2.457825962343749590e+06 9.920798934365179234e-01 1.013740263017642125e-03
2.457825963853712194e+06 9.907086445054283930e-01 7.786689673313750958e-04
2.457825965350112412e+06 9.915940124509914355e-01 9.173440310534376578e-04
2.457825966848012526e+06 9.919084975254407466e-01 8.044490229689351801e-04
2.457825968345512170e+06 9.928704991536990709e-01 1.021731479451924674e-03
2.457825969843012281e+06 9.929618148143979361e-01 7.044170999986606530e-04
2.457825971341412514e+06 9.930660716356156659e-01 9.430885417076806864e-04
2.457825972838012502e+06 9.930145342865347446e-01 9.157562279102037222e-04
2.457825974335512146e+06 9.931062202745614131e-01 8.449984118126410790e-04
2.457825975833112374e+06 9.906067445287667361e-01 8.269940879157900489e-04
2.457825977330612484e+06 9.916084435868336433e-01 9.388146818289706168e-04
2.457825978829112370e+06 9.923441292659385127e-01 9.011971336484689852e-04
2.457825980325912591e+06 9.967284802015179412e-01 1.108021823749028457e-03
2.457825981823012233e+06 9.992094982572130579e-01 8.287964116714939024e-04
2.457825983320612460e+06 9.997702842614358820e-01 8.971502760053021511e-04
2.457825984818212222e+06 1.000011122855511747e+00 7.435597552455740613e-04
2.457825986315622926e+06 9.996158522726564799e-01 8.508953148122220308e-04
2.457825987813312560e+06 9.998688220429849949e-01 1.053407195990599962e-03
2.457825989310712554e+06 1.000383385312599849e+00 9.954063051740779603e-04
2.457825990808412433e+06 1.000692199947151195e+00 9.361956976479679504e-04
2.457825992306012195e+06 1.000529206246858704e+00 9.453240433657000190e-04
2.457825993804412428e+06 9.997078150685649867e-01 8.929832056281346081e-04
2.457825995301112533e+06 9.991902027527954644e-01 8.201196809846840203e-04
2.457825996798512526e+06 9.987431143018158375e-01 9.660815693063730218e-04
2.457825998296212405e+06 1.001239861048757396e+00 9.069500024236298820e-04
2.457825999793712515e+06 9.983983206090925044e-01 1.008117841982843470e-03
2.457826001292112283e+06 1.000629613056545519e+00 9.007807856074480238e-04
2.457826002788612153e+06 1.000334165534515041e+00 9.096679690336108032e-04
2.457826004286112264e+06 9.980454657003116070e-01 1.023462637885223315e-03
2.457826005774662830e+06 9.989524832393020803e-01 9.140755114291121463e-04
2.457826007269923110e+06 1.000005008360859593e+00 8.898153981595495650e-04
2.457826008779612370e+06 1.000708605957090658e+00 9.386828877283727272e-04
2.457826010277112480e+06 1.000162736120494333e+00 8.370134081945200186e-04
2.457826011773712467e+06 9.988041212156517634e-01 9.205080082116806877e-04
2.457826013271612581e+06 1.000211614346425915e+00 1.085823167533427535e-03
2.457826014769012574e+06 1.000234490252991160e+00 7.688720204374524915e-04
2.457826016239099670e+06 9.996067279622358193e-01 1.037311962744984174e-03
2.457826017795125954e+06 1.000860112520260525e+00 9.096559321387213438e-04
2.457826019261412323e+06 1.000277646126340514e+00 8.552784864326228118e-04
2.457826020759112202e+06 9.993119778400171294e-01 8.026422584076487983e-04
2.457826022256712429e+06 1.000743991974643476e+00 7.751804052249499375e-04
2.457826023755112197e+06 9.992650509886202848e-01 8.189208369443304629e-04
2.457826025251612533e+06 9.991935011659407451e-01 1.046077410063670811e-03
2.457826026738195680e+06 1.000270997402287421e+00 8.555983619609421791e-04
2.457826028246712405e+06 9.998961970708130087e-01 9.651636311590533002e-04
2.457826029744212516e+06 1.000653126629537093e+00 7.762169843321498975e-04
2.457826031242612284e+06 1.000131629045860837e+00 8.175739011776687708e-04
2.457826032731756102e+06 1.000285676583672512e+00 1.010814773282064970e-03
2.457826034236712381e+06 9.987937076794906055e-01 9.132335695533610196e-04
2.457826035734312609e+06 9.986261481364477888e-01 8.394057521271023432e-04
2.457826037232112605e+06 1.000161082042267946e+00 9.547884942163627469e-04
2.457826038730812259e+06 1.000330322519479065e+00 9.996006857951064781e-04
