2.457838186597942375e+06 9.996061924707637658e-01 1.227252385712664139e-03
2.457838188096042722e+06 9.984453950464104999e-01 1.243968926156485081e-03
2.457838189593542367e+06 9.992315065614951752e-01 1.347861240339259456e-03
2.457838191090242472e+06 9.998909568719555052e-01 1.315257534634507687e-03
2.457838192587942351e+06 1.000395190689934655e+00 1.048169396861969339e-03
2.457838194085142575e+06 9.992619419175826634e-01 1.234002123991037592e-03
2.457838195583842695e+06 9.977792817828384786e-01 1.164951889746691045e-03
2.457838197080442682e+06 1.001446013122335277e+00 1.242161434064461330e-03
2.457838198577742558e+06 9.997367911533497908e-01 1.317854610187809816e-03
2.457838200075442437e+06 1.001609167757829821e+00 1.233059226565203555e-03
2.457838201572842430e+06 9.999376773571866384e-01 1.211733991635258493e-03
2.457838203071442433e+06 9.957953144788970201e-01 1.330753614821903949e-03
2.457838204568042420e+06 9.989355165465747532e-01 1.159175020208349453e-03
2.457838206065642647e+06 1.000451282598534775e+00 1.314049018685701283e-03
2.457838207563142292e+06 1.000449908466148896e+00 1.225551057184309876e-03
2.457838209060642403e+06 1.000586358601234460e+00 1.203240789757060916e-03
2.457838210567914415e+06 1.000015014914132472e+00 1.230814026236968324e-03
2.457838212055642623e+06 1.000778166831707505e+00 1.139118635627671752e-03
2.457838213553142734e+06 1.001140121938635330e+00 1.062750962151417893e-03
2.457838215046173427e+06 1.000930323369862984e+00 1.207947322276359259e-03
2.457838216554874089e+06 9.969984059335210702e-01 1.422229564639910029e-03
2.457838218046742491e+06 9.993450640220437053e-01 1.220885305850168872e-03
2.457838219543342479e+06 9.988612601280307812e-01 1.233518732021835797e-03
2.457838221040742472e+06 9.981838760037229363e-01 1.004082170992165414e-03
2.457838222538342699e+06 9.993860655202210230e-01 1.303894652417103084e-03
2.457838224035742693e+06 9.978257409717210535e-01 1.043263540981528023e-03
2.457838225534342695e+06 9.990818258206942692e-01 1.224567523874286806e-03
2.457838227030942682e+06 9.979922009140964612e-01 1.062998479602518184e-03
2.457838228528442327e+06 9.984791835544557514e-01 1.245592642595733796e-03
2.457838230026342440e+06 9.995172519459585292e-01 1.380307873944872738e-03
2.457838231523342431e+06 9.981407796880571448e-01 1.487520784695687973e-03
2.457838233025040478e+06 9.992122275181674063e-01 1.250723458240305752e-03
2.457838234518742654e+06 1.000811102787001916e+00 1.224277410648965314e-03
2.457838236016142648e+06 1.003242805978243890e+00 1.771851267273705840e-03
2.457838237513742410e+06 1.001016208125309337e+00 1.358299364218673762e-03
2.457838239011242520e+06 1.000234072576650979e+00 1.055760991167305337e-03
2.457838240509942640e+06 1.002020431246624543e+00 1.090658263652269496e-03
2.457838242008442525e+06 9.998492646936483208e-01 1.232309638124249630e-03
2.457838243503942620e+06 1.000002897563707416e+00 1.141196831890873599e-03
2.457838245002027135e+06 1.000084700817940098e+00 1.008500208237043342e-03
2.457838246498942375e+06 9.999517140033619134e-01 1.541576786700312330e-03
2.457838247997342609e+06 1.000087391265291448e+00 1.247842810181783732e-03
2.457838249493842479e+06 9.985228511099395465e-01 1.451003616079052762e-03
2.457838250991442706e+06 9.991297908609988454e-01 1.284257816508056933e-03
2.457838252489042468e+06 9.989069768684807338e-01 1.257946054719310701e-03
2.457838253986542579e+06 1.001016968709402599e+00 1.034934357309007192e-03
2.457838255485042464e+06 1.000563221729298791e+00 1.142561140597500276e-03
2.457838256981542334e+06 1.000852922489262165e+00 1.047371915477788478e-03
2.457838258479042444e+06 9.999366026861011836e-01 1.377670689116562317e-03
2.457838259976842441e+06 1.000951013152385993e+00 1.056472725615352016e-03
2.457838261474242434e+06 1.000174427052876069e+00 1.177988411029169073e-03
2.457838262972742319e+06 1.000012173120142789e+00 1.091217080217440124e-03
2.457838264469442423e+06 1.000685853823034543e+00 1.153997001836792576e-03
2.457838265966742299e+06 1.001237260579167732e+00 1.158131325816479443e-03
2.457838267464442644e+06 1.000103367067557869e+00 1.117532307020933707e-03
2.457838268961942755e+06 1.000629749659130319e+00 1.042158954070263824e-03
2.457838270460342523e+06 1.001058521762816289e+00 1.175945230169487925e-03
2.457838271957242396e+06 1.001133282726735185e+00 1.110371676459432060e-03
2.457838273454642389e+06 1.003056913227591274e+00 1.122834205462051524e-03
2.457838274952142499e+06 9.999962776915110041e-01 1.335547256463907049e-03
2.457838276449542493e+06 1.001903177284027002e+00 1.217390558336316035e-03
2.457838277948042378e+06 9.995416763117890291e-01 1.257945873144495621e-03
2.457838279444542713e+06 1.000922054869344935e+00 1.220903154072352278e-03
2.457838280942442361e+06 9.994915555209138436e-01 1.294830130242693653e-03
2.457838282439742703e+06 1.002626411274852858e+00 1.017010706488343137e-03
2.457838283937142696e+06 1.000187119065308217e+00 1.231977534085434284e-03
2.457838285435642581e+06 1.000748189366668983e+00 1.274720310772042451e-03
2.457838286932342686e+06 1.000623055443577769e+00 1.269735841786608652e-03
2.457838288429842331e+06 9.999113444714020638e-01 1.293894910942960464e-03
2.457838289930542465e+06 1.000623784704412156e+00 1.228093851255615673e-03
2.457838291424742434e+06 9.986527365713223636e-01 1.194781212166487949e-03
2.457838292923442554e+06 9.948287123984304037e-01 1.228699417367352465e-03
2.457838294419842307e+06 9.950551723710631125e-01 1.222410936506561482e-03
2.457838295917442534e+06 9.939179061997610587e-01 1.467064654030839381e-03
2.457838297415042296e+06 9.925393249027891773e-01 1.227423923118655356e-03
2.457838298912542406e+06 9.940886002779755204e-01 1.172677827412489659e-03
2.457838300411042757e+06 9.947416847268512052e-01 1.238918484521027343e-03
2.457838301907742396e+06 9.943127813485544975e-01 1.149529986617783177e-03
2.457838303405142389e+06 9.933906999217854139e-01 1.019917881821872209e-03
2.457838304902642500e+06 9.942101494005705087e-01 1.217365415601977729e-03
2.457838306400242727e+06 9.941386696825101899e-01 1.265850080700353522e-03
2.457838307898542378e+06 9.938371006106467842e-01 1.190899557842703708e-03
2.457838309395242482e+06 9.931614186794430754e-01 1.296593120902002350e-03
2.457838310892842710e+06 9.935528672295281805e-01 1.250332138345993131e-03
2.457838312390342355e+06 9.920526450302464827e-01 1.114886626593347566e-03
2.457838313887742348e+06 9.953228138498523281e-01 1.204731996074979343e-03
2.457838315386242699e+06 9.923224298468396043e-01 1.136568076013891272e-03
2.457838316882942338e+06 9.923957186312706291e-01 9.708193027802324623e-04
2.457838318380442448e+06 9.930487014713368366e-01 1.165814586387051372e-03
2.457838319877942558e+06 9.931877613356433487e-01 1.080452044293368644e-03
2.457838321375442669e+06 9.925110269467655177e-01 1.347517679667354197e-03
2.457838322874042671e+06 9.925905699247421499e-01 1.267367319378023523e-03
2.457838324370442424e+06 9.923210987537357530e-01 1.467602585478697784e-03
2.457838325868042652e+06 9.918527902768308202e-01 1.219320912735275464e-03
2.457838327365742531e+06 9.935282334498618528e-01 1.279988211698349304e-03
2.457838328863342293e+06 9.938867428124518177e-01 1.425985286065233190e-03
2.457838330366507173e+06 9.928524968650040972e-01 1.308102588124197786e-03
2.457838331858242396e+06 9.927814075217447076e-01 1.098202183487482098e-03
2.457838333355542738e+06 9.934959116176379501e-01 1.247654957012631419e-03
2.457838334853442386e+06 9.993779443134956919e-01 1.294461322947236233e-03
2.457838336350942496e+06 9.991380139990183595e-01 1.224983042907770020e-03
2.457838337856347673e+06 9.994054855240392943e-01 1.114658271308136906e-03
2.457838339345842600e+06 9.992845594944076426e-01 1.199627889821860711e-03
2.457838340843442362e+06 1.000109720839221339e+00 1.198423731012123340e-03
2.457838342340582516e+06 9.994934363522623988e-01 1.378536237643616458e-03
2.457838343838742469e+06 1.000385946159848993e+00 1.175247240409522075e-03
2.457838345336942468e+06 1.000174349800150075e+00 1.386541379931874405e-03
2.457838346833542455e+06 9.998427374202196738e-01 1.158748761226970373e-03
2.457838348331142683e+06 9.994532277550961519e-01 1.189312729762426581e-03
2.457838349828942679e+06 1.000074244913312649e+00 1.403259116738836496e-03
2.457838351326142438e+06 1.000541999331321597e+00 1.185594672456067927e-03
2.457838352824742440e+06 9.993583358623111534e-01 1.166648810079605773e-03
2.457838354321142659e+06 9.996320980793336197e-01 1.160840356075241563e-03
2.457838355818742421e+06 1.001051345969041773e+00 1.181740462875099061e-03
2.457838357316342648e+06 9.998678577137286583e-01 1.262988930733181542e-03
2.457838358813842759e+06 9.996264126187680565e-01 1.148298533658999006e-03
2.457838360312342644e+06 9.995307760248774986e-01 1.032147600881691161e-03
2.457838361808942631e+06 9.999604383160798360e-01 1.117206486166341488e-03
2.457838363306642510e+06 1.000110355564693965e+00 1.117227077791504725e-03
2.457838364804042503e+06 1.002886291427944387e+00 1.238590215493815417e-03
2.457838366301542614e+06 9.982287496773546431e-01 1.194686770500505771e-03
2.457838367800242733e+06 1.000633360789530801e+00 1.306827860636997638e-03
2.457838369296742603e+06 9.991110190693158755e-01 1.321901993227178130e-03
2.457838370786586311e+06 1.000773253329773294e+00 1.219458327107302053e-03
2.457838372291642707e+06 9.995686834198570514e-01 1.266440402754219052e-03
2.457838373790342361e+06 1.000886682762356816e+00 1.326005812884255676e-03
2.457838375287742354e+06 1.000052729227040471e+00 1.157831115967424039e-03
2.457838376785842702e+06 1.000969337294421724e+00 1.188208271511508648e-03
2.457838378282942344e+06 9.994172030660551931e-01 1.103515970656702592e-03
2.457838379780342337e+06 1.000215356657287114e+00 1.131393667173331407e-03
2.457838381278142333e+06 1.000000000000000000e+00 1.180879622217955241e-03
2.457838382775342558e+06 1.002259347564851577e+00 1.109416059487833284e-03
2.457838384273342323e+06 1.000802765527227356e+00 1.136239330147960228e-03
2.457838385770742316e+06 1.000662202182165617e+00 9.713114019283390112e-04
2.457838387268242426e+06 9.984340601076032717e-01 1.258428934370106698e-03
2.457838388763413299e+06 1.000377200451091131e+00 1.388878345166322682e-03
2.457838390267442446e+06 1.000412551518876869e+00 1.150379468997460644e-03
2.457838391760942526e+06 1.002081574576373368e+00 1.183473812866677388e-03
2.457838393258742522e+06 9.985523389439712183e-01 1.159988015642998650e-03
2.457838394755642395e+06 9.993278678149929428e-01 1.390778142173311818e-03
2.457838396253342740e+06 9.990073925733674587e-01 1.335624559080207142e-03
2.457838397750842385e+06 9.976474470886476098e-01 1.377102196603975561e-03
2.457838399248742498e+06 1.000978631071172353e+00 1.176182735576373692e-03
2.457838400746142492e+06 9.999226883925781406e-01 1.287791290976269491e-03
2.457838402243542485e+06 9.998998238923122450e-01 1.265824546270192088e-03
2.457838403752700891e+06 1.000597160965553512e+00 1.118695381890619884e-03
2.457838405238442589e+06 9.974701361257981569e-01 1.019447773570485377e-03
2.457838406736242585e+06 1.000198881798250117e+00 1.633180554029841670e-03
2.457838408233542461e+06 9.999097762163219327e-01 1.145216693474118523e-03
2.457838409731242340e+06 9.999903659716349313e-01 1.124361663912980085e-03
