1
50
0.542187468750
1.871293070474
0.307618285219
1.000000000000
0.876541855477
2.400986997078
0.776640651561
1.003701387307
0.749987872916
1.464395281678
0.200869372272
1.000000000000
0.654907308997
2.599853467546
0.081778821966
1.000557570111
0.388785195375
2.058885991863
0.024010999364
1.000000000000
0.921765166297
1.537421987387
0.712879930587
1.000000000000
0.983089812516
1.395290700640
0.792709850889
1.000000000000
0.999340408641
2.815404610808
2.120806259381
1.101814604286
0.985962514737
1.765711220527
1.027791781032
1.000014418883
0.974945723784
2.510322777908
1.363001390814
1.028918018551
0.990199204886
1.920615245931
1.268780489156
1.001860540353
0.992352657048
1.565926330616
1.008402956807
1.000000000000
0.785133886046
2.500267800488
0.606669611626
1.001853206487
0.789847542820
2.242150960609
0.608339538729
1.000000768278
0.868796784089
2.797795858425
0.579170020204
1.023686849184
0.827526100556
1.271745176679
0.274840091425
1.000000000000
0.806398428467
1.432615475070
0.278034562132
1.000000000000
0.916631707379
1.017043960111
0.414318461997
1.000529393773
0.544707357199
1.862362375292
0.196539206017
1.000000000000
0.787960519700
1.261044689423
0.253314162354
1.000000000000
0.891646623428
1.741612657537
0.805464021786
1.000000000000
0.812545820789
1.593706425867
0.478077331591
1.000000000000
0.633602067571
1.701590263966
0.189750711602
1.000000000000
0.870229876316
1.027387382381
0.209443027052
1.000009129572
0.846144912645
1.196272222595
0.253048942901
1.000000000000
0.984170128988
2.652680553013
1.671735970781
1.050506211217
0.928923003450
2.894949894907
0.972377200396
1.050322398344
0.518048398457
2.132789210899
0.180646265438
1.000000000000
0.675754424967
1.720745303421
0.242444851380
1.000000000000
0.510616911122
2.179636952243
0.233711835005
1.000000000000
0.958542708549
1.782142787132
1.188982199194
1.000000000000
0.892471150608
1.392173386164
0.488872881989
1.000000000000
0.922868123353
2.359244082050
1.048952466368
1.006251212851
0.798373090975
2.858558878384
0.005292770174
1.017135124419
0.907269170926
2.154949457708
0.786391351220
1.000585841083
0.982146073316
2.306209981757
1.337805966230
1.015940439139
0.673588137278
2.284550271867
0.397154679958
1.000000000000
0.737266454785
2.496669489546
0.527225820207
1.000728871289
0.679883471500
2.524169928701
0.205978650445
1.000288011217
0.951556413727
1.577667621776
0.898101591667
1.000000000000
0.652810307879
1.499665034487
0.072761477940
1.000000000000
0.827251636523
1.098401300977
0.106487432770
1.000000000000
0.764692231736
1.477498139054
0.349386488864
1.000000000000
0.988224208688
2.834054839191
1.846784756330
1.080554013697
0.966034421553
2.091225477022
1.010749574682
1.002609875608
0.804405384485
1.974785480251
0.823035523823
1.000000000000
0.920998267048
1.809833882269
0.985597418597
1.000000000000
0.571036225334
2.421226440937
0.267056969646
1.000000000000
0.665480893139
2.587981505153
0.314911053717
1.000583060615
0.737541255399
2.763393290099
0.092114156648
1.006742498262
