1
10
0.900343564052
3.110126114939
0.699394453705
1.169401257329
0.902052759016
3.116915366812
0.477058427279
1.173981674463
0.900207403836
3.118339320944
0.522435268553
1.172459255765
0.899850241521
3.111226289660
0.412281371817
1.169282913363
0.901815682410
3.114467503586
0.598503443319
1.172746958186
0.901076584034
3.113376909974
0.478344018834
1.171486496695
0.901246486348
3.107906599899
0.614813202632
1.169541112833
0.901797794618
3.113286410355
0.722582517211
1.172262225419
0.901728103056
3.109496955985
0.794737523016
1.170699090174
0.899041698242
3.113538253216
0.646884788942
1.169289174632
